1.000000000000000056e-01 1.355921257095313026e-01 0.000000000000000000e+00 1.002035336214990968e+00
1.355921257095313026e-01 1.838522455442933856e-01 0.000000000000000000e+00 9.952103948438671965e-01
1.838522455442933856e-01 2.492891678982144810e-01 0.000000000000000000e+00 9.887839869951201566e-01
2.492891678982144810e-01 3.380164819167915113e-01 0.000000000000000000e+00 9.855001844095655494e-01
3.380164819167915113e-01 4.583237330795510434e-01 0.000000000000000000e+00 9.847942045470642336e-01
4.583237330795510434e-01 6.214508923138416518e-01 0.000000000000000000e+00 9.821058983219208560e-01
6.214508923138416518e-01 8.426384751291882136e-01 0.000000000000000000e+00 9.843357409668298530e-01
8.426384751291882136e-01 1.142551420474046342e+00 0.000000000000000000e+00 9.915048998130421287e-01
1.142551420474046342e+00 1.549209758345204913e+00 0.000000000000000000e+00 1.008126756850683092e+00
1.549209758345204913e+00 2.100606443039755522e+00 0.000000000000000000e+00 1.004021025340594564e+00
2.100606443039755522e+00 2.848256928908980079e+00 0.000000000000000000e+00 1.005434209482481966e+00
2.848256928908980079e+00 3.862012115576700655e+00 0.000000000000000000e+00 1.004551089570235423e+00
3.862012115576700655e+00 5.236584322670087666e+00 0.000000000000000000e+00 1.022351280314637290e+00
5.236584322670087666e+00 7.100395997680434945e+00 0.000000000000000000e+00 1.025078866979752368e+00
7.100395997680434945e+00 9.627577867049382121e+00 0.000000000000000000e+00 1.032499586114523638e+00
9.627577867049382121e+00 1.305423748427261188e+01 0.000000000000000000e+00 1.044121408774186799e+00
1.305423748427261188e+01 1.770051810009568172e+01 0.000000000000000000e+00 1.058070075078534567e+00
1.770051810009568172e+01 2.400050875352008006e+01 0.000000000000000000e+00 1.083632164999937864e+00
2.400050875352008006e+01 3.254279999999999973e+01 0.000000000000000000e+00 1.130904727518973862e+00
