1.000000000000000056e-01 1.355921257095313026e-01 0.000000000000000000e+00 1.160596352695369760e+00
1.355921257095313026e-01 1.838522455442933856e-01 0.000000000000000000e+00 1.114105491290187100e+00
1.838522455442933856e-01 2.492891678982144810e-01 0.000000000000000000e+00 1.077248440164598531e+00
2.492891678982144810e-01 3.380164819167915113e-01 0.000000000000000000e+00 1.052589993353165498e+00
3.380164819167915113e-01 4.583237330795510434e-01 0.000000000000000000e+00 1.032810962440479763e+00
4.583237330795510434e-01 6.214508923138416518e-01 0.000000000000000000e+00 1.019525848970350701e+00
6.214508923138416518e-01 8.426384751291882136e-01 0.000000000000000000e+00 1.012891626158428204e+00
8.426384751291882136e-01 1.142551420474046342e+00 0.000000000000000000e+00 1.002742625061771253e+00
1.142551420474046342e+00 1.549209758345204913e+00 0.000000000000000000e+00 9.982269158917801422e-01
1.549209758345204913e+00 2.100606443039755522e+00 0.000000000000000000e+00 9.987178264997889077e-01
2.100606443039755522e+00 2.848256928908980079e+00 0.000000000000000000e+00 9.987626505954264600e-01
2.848256928908980079e+00 3.862012115576700655e+00 0.000000000000000000e+00 1.000145310101409057e+00
3.862012115576700655e+00 5.236584322670087666e+00 0.000000000000000000e+00 9.974344117820155287e-01
5.236584322670087666e+00 7.100395997680434945e+00 0.000000000000000000e+00 9.971378105860048136e-01
7.100395997680434945e+00 9.627577867049382121e+00 0.000000000000000000e+00 9.991688574783977872e-01
9.627577867049382121e+00 1.305423748427261188e+01 0.000000000000000000e+00 1.001394551093302221e+00
1.305423748427261188e+01 1.770051810009568172e+01 0.000000000000000000e+00 1.006206660323497593e+00
1.770051810009568172e+01 2.400050875352008006e+01 0.000000000000000000e+00 1.007454777298903759e+00
2.400050875352008006e+01 3.254279999999999973e+01 0.000000000000000000e+00 1.011619785400411420e+00
