1.000000000000000056e-01 1.355921257095313026e-01 0.000000000000000000e+00 1.001198644360766998e+00
1.355921257095313026e-01 1.838522455442933856e-01 0.000000000000000000e+00 1.001827816491385637e+00
1.838522455442933856e-01 2.492891678982144810e-01 0.000000000000000000e+00 1.002451720801307733e+00
2.492891678982144810e-01 3.380164819167915113e-01 0.000000000000000000e+00 1.003480619113755745e+00
3.380164819167915113e-01 4.583237330795510434e-01 0.000000000000000000e+00 1.004292186351023686e+00
4.583237330795510434e-01 6.214508923138416518e-01 0.000000000000000000e+00 1.005116954228278514e+00
6.214508923138416518e-01 8.426384751291882136e-01 0.000000000000000000e+00 1.006202205652430681e+00
8.426384751291882136e-01 1.142551420474046342e+00 0.000000000000000000e+00 1.008040094815113807e+00
1.142551420474046342e+00 1.549209758345204913e+00 0.000000000000000000e+00 1.009970811075139530e+00
1.549209758345204913e+00 2.100606443039755522e+00 0.000000000000000000e+00 1.011965869558096864e+00
2.100606443039755522e+00 2.848256928908980079e+00 0.000000000000000000e+00 1.013246581649005940e+00
2.848256928908980079e+00 3.862012115576700655e+00 0.000000000000000000e+00 1.015105901512779463e+00
3.862012115576700655e+00 5.236584322670087666e+00 0.000000000000000000e+00 1.018371907968247170e+00
5.236584322670087666e+00 7.100395997680434945e+00 0.000000000000000000e+00 1.023347756241842266e+00
7.100395997680434945e+00 9.627577867049382121e+00 0.000000000000000000e+00 1.031088866249799230e+00
9.627577867049382121e+00 1.305423748427261188e+01 0.000000000000000000e+00 1.041563697399724653e+00
1.305423748427261188e+01 1.770051810009568172e+01 0.000000000000000000e+00 1.061876283222508821e+00
1.770051810009568172e+01 2.400050875352008006e+01 0.000000000000000000e+00 1.093863883695143757e+00
2.400050875352008006e+01 3.254279999999999973e+01 0.000000000000000000e+00 1.158540910486224984e+00
