1.000000000000000056e-01 1.355921257095313026e-01 3.373710703799708693e-02 6.449428838001969311e-01
1.355921257095313026e-01 1.838522455442933856e-01 3.461648272744977106e-02 6.657086996668659662e-01
1.838522455442933856e-01 2.492891678982144810e-01 3.629361655273822401e-02 7.010954124394891407e-01
2.492891678982144810e-01 3.380164819167915113e-01 3.834483087871198154e-02 7.444301128513763910e-01
3.380164819167915113e-01 4.583237330795510434e-01 4.180017962735569498e-02 8.112155653302384195e-01
4.583237330795510434e-01 6.214508923138416518e-01 4.679137035523257826e-02 9.098150865386859243e-01
6.214508923138416518e-01 8.426384751291882136e-01 5.267769262365656208e-02 1.025215125852760645e+00
8.426384751291882136e-01 1.142551420474046342e+00 5.597928757342120892e-02 1.089747792168391571e+00
1.142551420474046342e+00 1.549209758345204913e+00 5.635234105821803480e-02 1.097879527929940036e+00
1.549209758345204913e+00 2.100606443039755522e+00 5.458119203328253011e-02 1.063452741035247007e+00
2.100606443039755522e+00 2.848256928908980079e+00 5.136720224439904336e-02 1.000823229497207478e+00
2.848256928908980079e+00 3.862012115576700655e+00 4.809060804589929822e-02 9.368775940651317136e-01
3.862012115576700655e+00 5.236584322670087666e+00 4.536128560989775849e-02 8.839957333849883803e-01
5.236584322670087666e+00 7.100395997680434945e+00 4.360128043538486625e-02 8.496172276490677744e-01
7.100395997680434945e+00 9.627577867049382121e+00 4.274313954643491759e-02 8.325772641261719453e-01
9.627577867049382121e+00 1.305423748427261188e+01 4.224767254446753356e-02 8.226834917109698830e-01
1.305423748427261188e+01 1.770051810009568172e+01 4.233134856454505435e-02 8.236139448405059849e-01
1.770051810009568172e+01 2.400050875352008006e+01 4.202124172980002681e-02 8.146362680782889276e-01
2.400050875352008006e+01 3.254279999999999973e+01 4.111243677036340721e-02 7.902295675747185166e-01
