1.000000000000000056e-01 1.355921257095313026e-01 5.065758191239205094e-02 9.795567611753620563e-01
1.355921257095313026e-01 1.838522455442933856e-01 4.656500452872276014e-02 9.039478205540413258e-01
1.838522455442933856e-01 2.492891678982144810e-01 4.381016464507480473e-02 8.495504396730422236e-01
2.492891678982144810e-01 3.380164819167915113e-01 4.180048706331413594e-02 8.105965153912230159e-01
3.380164819167915113e-01 4.583237330795510434e-01 4.104433472192003940e-02 7.984234616311720600e-01
4.583237330795510434e-01 6.214508923138416518e-01 4.271457804330040797e-02 8.315745842187624026e-01
6.214508923138416518e-01 8.426384751291882136e-01 4.700302543025280944e-02 9.152258500215553205e-01
8.426384751291882136e-01 1.142551420474046342e+00 5.092088480221730606e-02 9.915461310957814911e-01
1.142551420474046342e+00 1.549209758345204913e+00 5.467765017541496853e-02 1.065051781998963332e+00
1.549209758345204913e+00 2.100606443039755522e+00 5.604933098484397164e-02 1.092024914058745910e+00
2.100606443039755522e+00 2.848256928908980079e+00 5.386017057388223922e-02 1.049385016513489921e+00
2.848256928908980079e+00 3.862012115576700655e+00 4.963436662881702544e-02 9.671116423592891476e-01
3.862012115576700655e+00 5.236584322670087666e+00 4.617752251487338561e-02 8.998871498277680736e-01
5.236584322670087666e+00 7.100395997680434945e+00 4.378142318074830508e-02 8.531825801690852140e-01
7.100395997680434945e+00 9.627577867049382121e+00 4.246502984385853996e-02 8.275276257168210359e-01
9.627577867049382121e+00 1.305423748427261188e+01 4.161659859757087243e-02 8.109380751369063001e-01
1.305423748427261188e+01 1.770051810009568172e+01 4.133843259454208358e-02 8.051169094025196760e-01
1.770051810009568172e+01 2.400050875352008006e+01 4.080012413047228587e-02 7.943153849931393617e-01
2.400050875352008006e+01 3.254279999999999973e+01 3.965250845209674496e-02 7.709751302113287963e-01
