1.000000000000000056e-01 1.355921257095313026e-01 8.195782735863499369e-02 1.595849042550636643e+00
1.355921257095313026e-01 1.838522455442933856e-01 7.832097770506050993e-02 1.525662595154500645e+00
1.838522455442933856e-01 2.492891678982144810e-01 7.258248737851398513e-02 1.412057412078802754e+00
2.492891678982144810e-01 3.380164819167915113e-01 6.175887644536768445e-02 1.200015685490235517e+00
3.380164819167915113e-01 4.583237330795510434e-01 4.417051292113447630e-02 8.586504219928068338e-01
4.583237330795510434e-01 6.214508923138416518e-01 3.366464772243737968e-02 6.550372447094502393e-01
6.214508923138416518e-01 8.426384751291882136e-01 3.634578431412391342e-02 7.079028225283967579e-01
8.426384751291882136e-01 1.142551420474046342e+00 4.640963030681368590e-02 9.043840397818387888e-01
1.142551420474046342e+00 1.549209758345204913e+00 5.400531561693977523e-02 1.052221429710501255e+00
1.549209758345204913e+00 2.100606443039755522e+00 5.542531594451544780e-02 1.080095384692039140e+00
2.100606443039755522e+00 2.848256928908980079e+00 5.282392875315020109e-02 1.029484060157560332e+00
2.848256928908980079e+00 3.862012115576700655e+00 4.913060941708323470e-02 9.576186589890184342e-01
3.862012115576700655e+00 5.236584322670087666e+00 4.650680838279870610e-02 9.065497266036086632e-01
5.236584322670087666e+00 7.100395997680434945e+00 4.445697010616456862e-02 8.664873891618750656e-01
7.100395997680434945e+00 9.627577867049382121e+00 4.296387926143825642e-02 8.374050760930950021e-01
9.627577867049382121e+00 1.305423748427261188e+01 4.209733821036426571e-02 8.203672109151013414e-01
1.305423748427261188e+01 1.770051810009568172e+01 4.177496543642277016e-02 8.138248156744773976e-01
1.770051810009568172e+01 2.400050875352008006e+01 4.120606898446638189e-02 8.019017303022251131e-01
2.400050875352008006e+01 3.254279999999999973e+01 4.009164972005176131e-02 7.774371713506952331e-01
