1.000000000000000056e-01 1.355921257095313026e-01 5.059732104948483355e-02 9.700271000352527206e-01
1.355921257095313026e-01 1.838522455442933856e-01 5.047712347998199733e-02 9.756381310760062764e-01
1.838522455442933856e-01 2.492891678982144810e-01 5.074569616180608922e-02 9.835013807849142253e-01
2.492891678982144810e-01 3.380164819167915113e-01 5.152734829255292692e-02 1.001719523092968300e+00
3.380164819167915113e-01 4.583237330795510434e-01 5.437305838391566504e-02 1.057165702997843182e+00
4.583237330795510434e-01 6.214508923138416518e-01 5.878002022912378471e-02 1.143871938564878565e+00
6.214508923138416518e-01 8.426384751291882136e-01 6.255018325774718002e-02 1.218259621993407427e+00
8.426384751291882136e-01 1.142551420474046342e+00 6.202156122939484623e-02 1.207953763255132928e+00
1.142551420474046342e+00 1.549209758345204913e+00 5.869809137318748871e-02 1.143170371861077950e+00
1.549209758345204913e+00 2.100606443039755522e+00 5.523913194480797872e-02 1.076124512986907922e+00
2.100606443039755522e+00 2.848256928908980079e+00 5.180986358921610413e-02 1.009500440712729707e+00
2.848256928908980079e+00 3.862012115576700655e+00 4.900922140204382743e-02 9.548895305843015935e-01
3.862012115576700655e+00 5.236584322670087666e+00 4.635490105402515632e-02 9.032038758406872869e-01
5.236584322670087666e+00 7.100395997680434945e+00 4.453186010556294677e-02 8.677942688808376603e-01
7.100395997680434945e+00 9.627577867049382121e+00 4.340707571787861402e-02 8.458546342312402988e-01
9.627577867049382121e+00 1.305423748427261188e+01 4.274024768136827634e-02 8.328033689493442582e-01
1.305423748427261188e+01 1.770051810009568172e+01 4.249012047010133214e-02 8.271508936019897895e-01
1.770051810009568172e+01 2.400050875352008006e+01 4.185450930479225201e-02 8.136949411118905573e-01
2.400050875352008006e+01 3.254279999999999973e+01 4.050498816529293777e-02 7.821483251334470088e-01
