1.000000000000000056e-01 1.355921257095313026e-01 5.454031208677549009e-02 1.040988488668018297e+00
1.355921257095313026e-01 1.838522455442933856e-01 5.207601054576246891e-02 1.000672514805144742e+00
1.838522455442933856e-01 2.492891678982144810e-01 4.985447630638981109e-02 9.635877541302761973e-01
2.492891678982144810e-01 3.380164819167915113e-01 4.949551121629506417e-02 9.598117073265474142e-01
3.380164819167915113e-01 4.583237330795510434e-01 5.084259632216504149e-02 9.888635851730595006e-01
4.583237330795510434e-01 6.214508923138416518e-01 5.512875986175505560e-02 1.072125839594074037e+00
6.214508923138416518e-01 8.426384751291882136e-01 6.095349679339361060e-02 1.186079117521684267e+00
8.426384751291882136e-01 1.142551420474046342e+00 6.197424641994185579e-02 1.206703826132921042e+00
1.142551420474046342e+00 1.549209758345204913e+00 5.867038997979632381e-02 1.142515833358772381e+00
1.549209758345204913e+00 2.100606443039755522e+00 5.530668421800129936e-02 1.077449138198862899e+00
2.100606443039755522e+00 2.848256928908980079e+00 5.203980996629622297e-02 1.014003372146402127e+00
2.848256928908980079e+00 3.862012115576700655e+00 4.927487667741310695e-02 9.600410264300043295e-01
3.862012115576700655e+00 5.236584322670087666e+00 4.636790783065222049e-02 9.032511896167785270e-01
5.236584322670087666e+00 7.100395997680434945e+00 4.434164401898207930e-02 8.637893532338108971e-01
7.100395997680434945e+00 9.627577867049382121e+00 4.310512783651262309e-02 8.395048991752930290e-01
9.627577867049382121e+00 1.305423748427261188e+01 4.236283354782599542e-02 8.246787399419116538e-01
1.305423748427261188e+01 1.770051810009568172e+01 4.208170240201764695e-02 8.185689744065278717e-01
1.770051810009568172e+01 2.400050875352008006e+01 4.161147724637752343e-02 8.085207951153522421e-01
2.400050875352008006e+01 3.254279999999999973e+01 4.016501852007108020e-02 7.777688303154293159e-01
