1.000000000000000056e-01 1.355921257095313026e-01 5.025304667546246634e-02 9.725196277964563984e-01
1.355921257095313026e-01 1.838522455442933856e-01 4.968757660185153802e-02 9.573713589992869366e-01
1.838522455442933856e-01 2.492891678982144810e-01 4.800946946223818429e-02 9.236926574335592166e-01
2.492891678982144810e-01 3.380164819167915113e-01 4.692651774412779503e-02 9.097866818980010484e-01
3.380164819167915113e-01 4.583237330795510434e-01 4.713768255665759521e-02 9.141436719763198493e-01
4.583237330795510434e-01 6.214508923138416518e-01 4.926297440071047279e-02 9.580509320748727964e-01
6.214508923138416518e-01 8.426384751291882136e-01 5.316424254944093764e-02 1.034903350155431667e+00
8.426384751291882136e-01 1.142551420474046342e+00 5.663060887544039274e-02 1.102508842600368411e+00
1.142551420474046342e+00 1.549209758345204913e+00 5.702342237835360955e-02 1.111249229653587856e+00
1.549209758345204913e+00 2.100606443039755522e+00 5.475350003211265637e-02 1.066930850288667632e+00
2.100606443039755522e+00 2.848256928908980079e+00 5.147861187355624174e-02 1.002837633147876328e+00
2.848256928908980079e+00 3.862012115576700655e+00 4.796758702667602153e-02 9.345024275321061058e-01
3.862012115576700655e+00 5.236584322670087666e+00 4.569425051312323016e-02 8.903474848353756244e-01
5.236584322670087666e+00 7.100395997680434945e+00 4.377789708138843383e-02 8.529909441824470306e-01
7.100395997680434945e+00 9.627577867049382121e+00 4.277225964986268447e-02 8.332320184233711347e-01
9.627577867049382121e+00 1.305423748427261188e+01 4.223102824444349701e-02 8.223595403294042816e-01
1.305423748427261188e+01 1.770051810009568172e+01 4.220658693115725973e-02 8.218126092721932396e-01
1.770051810009568172e+01 2.400050875352008006e+01 4.186656582861958409e-02 8.143020402421162762e-01
2.400050875352008006e+01 3.254279999999999973e+01 4.090243543117072500e-02 7.925680752308990051e-01
