1.000000000000000056e-01 1.355921257095313026e-01 7.228137870309193913e-02 1.392584225914083706e+00
1.355921257095313026e-01 1.838522455442933856e-01 6.574404523369746511e-02 1.263228174249916957e+00
1.838522455442933856e-01 2.492891678982144810e-01 6.045006333178745001e-02 1.171640451179849940e+00
2.492891678982144810e-01 3.380164819167915113e-01 5.708680835552950444e-02 1.107554855999570931e+00
3.380164819167915113e-01 4.583237330795510434e-01 5.582001695454084228e-02 1.083659246331763137e+00
4.583237330795510434e-01 6.214508923138416518e-01 5.874923789088060122e-02 1.143694196376741301e+00
6.214508923138416518e-01 8.426384751291882136e-01 6.103195090790822924e-02 1.188970818938445362e+00
8.426384751291882136e-01 1.142551420474046342e+00 6.223511953044206374e-02 1.212607584995003540e+00
1.142551420474046342e+00 1.549209758345204913e+00 6.163517618870532205e-02 1.201013726840665985e+00
1.549209758345204913e+00 2.100606443039755522e+00 5.896960176556038935e-02 1.149239333192570545e+00
2.100606443039755522e+00 2.848256928908980079e+00 5.478821732092976210e-02 1.067855330735665520e+00
2.848256928908980079e+00 3.862012115576700655e+00 5.123175011968251341e-02 9.984835838964705168e-01
3.862012115576700655e+00 5.236584322670087666e+00 4.798480184404285004e-02 9.352042638139255182e-01
5.236584322670087666e+00 7.100395997680434945e+00 4.551069700772950727e-02 8.869056849786465246e-01
7.100395997680434945e+00 9.627577867049382121e+00 4.384340854507394469e-02 8.543183998077248376e-01
9.627577867049382121e+00 1.305423748427261188e+01 4.257124205428677866e-02 8.294850161487139495e-01
1.305423748427261188e+01 1.770051810009568172e+01 4.192374693540487640e-02 8.169741283044018587e-01
1.770051810009568172e+01 2.400050875352008006e+01 4.117743102117552012e-02 8.021737643726335465e-01
2.400050875352008006e+01 3.254279999999999973e+01 3.955806823723025806e-02 7.692980975870720162e-01
