1.000000000000000056e-01 1.355921257095313026e-01 2.480759030929220732e-02 4.810468572083886896e-01
1.355921257095313026e-01 1.838522455442933856e-01 2.678869297780141906e-02 5.209156611962635353e-01
1.838522455442933856e-01 2.492891678982144810e-01 2.974740396631066555e-02 5.781019760566907806e-01
2.492891678982144810e-01 3.380164819167915113e-01 3.270867640398563564e-02 6.364546123470335992e-01
3.380164819167915113e-01 4.583237330795510434e-01 3.679506294613619360e-02 7.160621742749678775e-01
4.583237330795510434e-01 6.214508923138416518e-01 4.239652168939180704e-02 8.258338952819500589e-01
6.214508923138416518e-01 8.426384751291882136e-01 5.079815322653886273e-02 9.896667919186048490e-01
8.426384751291882136e-01 1.142551420474046342e+00 6.217370320741481826e-02 1.211456176725617118e+00
1.142551420474046342e+00 1.549209758345204913e+00 6.627967238724609411e-02 1.291456423133424680e+00
1.549209758345204913e+00 2.100606443039755522e+00 6.064575723504074534e-02 1.181722034428512424e+00
2.100606443039755522e+00 2.848256928908980079e+00 5.374533340121332575e-02 1.047132104181382140e+00
2.848256928908980079e+00 3.862012115576700655e+00 4.872737494264309938e-02 9.492766912619670094e-01
3.862012115576700655e+00 5.236584322670087666e+00 4.593472227779008682e-02 8.950766810582594379e-01
5.236584322670087666e+00 7.100395997680434945e+00 4.392033529590077395e-02 8.557935753173515625e-01
7.100395997680434945e+00 9.627577867049382121e+00 4.279502212223361413e-02 8.336293237989689242e-01
9.627577867049382121e+00 1.305423748427261188e+01 4.214417754372679764e-02 8.208145037487589724e-01
1.305423748427261188e+01 1.770051810009568172e+01 4.202858633034036590e-02 8.181964617701291687e-01
1.770051810009568172e+01 2.400050875352008006e+01 4.152975083908733850e-02 8.079046906315427989e-01
2.400050875352008006e+01 3.254279999999999973e+01 4.011009760105430089e-02 7.774513484253354756e-01
