1.000000000000000056e-01 1.355921257095313026e-01 4.392777833927513642e-02 8.470787805641580848e-01
1.355921257095313026e-01 1.838522455442933856e-01 4.317937105478706489e-02 8.360557841159490522e-01
1.838522455442933856e-01 2.492891678982144810e-01 4.226929681316088372e-02 8.215073528774137213e-01
2.492891678982144810e-01 3.380164819167915113e-01 4.204030541470289706e-02 8.166954820422610561e-01
3.380164819167915113e-01 4.583237330795510434e-01 4.382548213809567966e-02 8.520401495017575488e-01
4.583237330795510434e-01 6.214508923138416518e-01 4.754190176345250707e-02 9.244820586586611766e-01
6.214508923138416518e-01 8.426384751291882136e-01 5.298820982660044226e-02 1.031428678381908659e+00
8.426384751291882136e-01 1.142551420474046342e+00 5.863298159248205715e-02 1.141959947434671108e+00
1.142551420474046342e+00 1.549209758345204913e+00 6.068801750613857932e-02 1.182416494135152707e+00
1.549209758345204913e+00 2.100606443039755522e+00 5.755129901692941641e-02 1.121445151125101569e+00
2.100606443039755522e+00 2.848256928908980079e+00 5.276929962192386525e-02 1.028316546694941769e+00
2.848256928908980079e+00 3.862012115576700655e+00 4.919245856592577987e-02 9.585754278017951657e-01
3.862012115576700655e+00 5.236584322670087666e+00 4.617040746503055931e-02 8.996956356943075495e-01
5.236584322670087666e+00 7.100395997680434945e+00 4.428752590987114490e-02 8.629716102065974059e-01
7.100395997680434945e+00 9.627577867049382121e+00 4.313392856594106678e-02 8.402333742772672975e-01
9.627577867049382121e+00 1.305423748427261188e+01 4.241926501476753208e-02 8.257822056713803871e-01
1.305423748427261188e+01 1.770051810009568172e+01 4.231003607308982811e-02 8.229732677869596724e-01
1.770051810009568172e+01 2.400050875352008006e+01 4.168299173238518979e-02 8.093209581601610303e-01
2.400050875352008006e+01 3.254279999999999973e+01 4.022279747793112981e-02 7.782795670321702719e-01
