1.000000000000000056e-01 1.355921257095313026e-01 5.584338622956327297e-02 1.065710844791742939e+00
1.355921257095313026e-01 1.838522455442933856e-01 5.228201187411717077e-02 1.011458030697478305e+00
1.838522455442933856e-01 2.492891678982144810e-01 5.045252370468076425e-02 9.762449226911674716e-01
2.492891678982144810e-01 3.380164819167915113e-01 4.982732660296447513e-02 9.661072696328713016e-01
3.380164819167915113e-01 4.583237330795510434e-01 5.003080619444836424e-02 9.720056782700881026e-01
4.583237330795510434e-01 6.214508923138416518e-01 5.247904190014619774e-02 1.019785319414186819e+00
6.214508923138416518e-01 8.426384751291882136e-01 5.620402946306492925e-02 1.093674406585263270e+00
8.426384751291882136e-01 1.142551420474046342e+00 5.782589489965906521e-02 1.125367051945283636e+00
1.142551420474046342e+00 1.549209758345204913e+00 5.618633153307297373e-02 1.094102020211022541e+00
1.549209758345204913e+00 2.100606443039755522e+00 5.375553450610245226e-02 1.047277273929909658e+00
2.100606443039755522e+00 2.848256928908980079e+00 5.069012490227062240e-02 9.877905313735222403e-01
2.848256928908980079e+00 3.862012115576700655e+00 4.791300352341925500e-02 9.337175068711770498e-01
3.862012115576700655e+00 5.236584322670087666e+00 4.556440915043116074e-02 8.878031906885016644e-01
5.236584322670087666e+00 7.100395997680434945e+00 4.397904095229016735e-02 8.567217409608267609e-01
7.100395997680434945e+00 9.627577867049382121e+00 4.290261460502323154e-02 8.356413137905126520e-01
9.627577867049382121e+00 1.305423748427261188e+01 4.238556045193332678e-02 8.252307919552335225e-01
1.305423748427261188e+01 1.770051810009568172e+01 4.206692815991495277e-02 8.186947561309420029e-01
1.770051810009568172e+01 2.400050875352008006e+01 4.167300237535927904e-02 8.108683475626078385e-01
2.400050875352008006e+01 3.254279999999999973e+01 4.032826949538274169e-02 7.842891794747596235e-01
