1.000000000000000056e-01 1.355921257095313026e-01 3.671702137660783072e-02 7.097165830150840016e-01
1.355921257095313026e-01 1.838522455442933856e-01 3.733720219960337539e-02 7.246438812180105993e-01
1.838522455442933856e-01 2.492891678982144810e-01 3.830572707361042800e-02 7.433225352690229215e-01
2.492891678982144810e-01 3.380164819167915113e-01 3.976555799300111882e-02 7.733970298452088610e-01
3.380164819167915113e-01 4.583237330795510434e-01 4.217830402277465696e-02 8.204842440177881890e-01
4.583237330795510434e-01 6.214508923138416518e-01 4.684846684166716485e-02 9.123819469211312816e-01
6.214508923138416518e-01 8.426384751291882136e-01 5.422877504883182043e-02 1.056501430020161170e+00
8.426384751291882136e-01 1.142551420474046342e+00 5.883418603730499602e-02 1.146626569478476965e+00
1.142551420474046342e+00 1.549209758345204913e+00 6.161686215028524399e-02 1.200955578238141808e+00
1.549209758345204913e+00 2.100606443039755522e+00 5.777372806343244321e-02 1.125952007376486597e+00
2.100606443039755522e+00 2.848256928908980079e+00 5.349302510161347418e-02 1.042652239976628925e+00
2.848256928908980079e+00 3.862012115576700655e+00 4.962657535772212192e-02 9.673530629576342355e-01
3.862012115576700655e+00 5.236584322670087666e+00 4.637488183735753028e-02 9.039753425596377401e-01
5.236584322670087666e+00 7.100395997680434945e+00 4.434087979792614154e-02 8.643095478259255060e-01
7.100395997680434945e+00 9.627577867049382121e+00 4.309610793636567405e-02 8.400240132238490087e-01
9.627577867049382121e+00 1.305423748427261188e+01 4.224834960288054164e-02 8.234635527958511503e-01
1.305423748427261188e+01 1.770051810009568172e+01 4.212308827523376237e-02 8.210002550490278495e-01
1.770051810009568172e+01 2.400050875352008006e+01 4.154949437550928965e-02 8.096774680780889355e-01
2.400050875352008006e+01 3.254279999999999973e+01 4.059987090079303362e-02 7.908763725111841447e-01
