1.000000000000000056e-01 1.355921257095313026e-01 7.099909617834752884e-02 1.368491453850921191e+00
1.355921257095313026e-01 1.838522455442933856e-01 6.983412447701219106e-02 1.356228723729256735e+00
1.838522455442933856e-01 2.492891678982144810e-01 6.949616935841350374e-02 1.348992512113766473e+00
2.492891678982144810e-01 3.380164819167915113e-01 6.665707292638059500e-02 1.294799092255925599e+00
3.380164819167915113e-01 4.583237330795510434e-01 6.267532000124789726e-02 1.217875870815642303e+00
4.583237330795510434e-01 6.214508923138416518e-01 5.671688662235697953e-02 1.103803590134700752e+00
6.214508923138416518e-01 8.426384751291882136e-01 5.388643458219033455e-02 1.049786888713941657e+00
8.426384751291882136e-01 1.142551420474046342e+00 5.529906318478650107e-02 1.077729552597832541e+00
1.142551420474046342e+00 1.549209758345204913e+00 5.723018233951718270e-02 1.115489356060302306e+00
1.549209758345204913e+00 2.100606443039755522e+00 5.596702472929926397e-02 1.090911731839258048e+00
2.100606443039755522e+00 2.848256928908980079e+00 5.299735244844026860e-02 1.033044109388224330e+00
2.848256928908980079e+00 3.862012115576700655e+00 5.004294312848841381e-02 9.754482136704489825e-01
3.862012115576700655e+00 5.236584322670087666e+00 4.713409346808945105e-02 9.187696120803234834e-01
5.236584322670087666e+00 7.100395997680434945e+00 4.498351816716415069e-02 8.768372156091467362e-01
7.100395997680434945e+00 9.627577867049382121e+00 4.371596000690550904e-02 8.520987366910071081e-01
9.627577867049382121e+00 1.305423748427261188e+01 4.283963840431308234e-02 8.349956056822921413e-01
1.305423748427261188e+01 1.770051810009568172e+01 4.238401291710757607e-02 8.260970877027720149e-01
1.770051810009568172e+01 2.400050875352008006e+01 4.201361688085220730e-02 8.188228739270140277e-01
2.400050875352008006e+01 3.254279999999999973e+01 4.079411650079352303e-02 7.946489338517089829e-01
