1.000000000000000056e-01 1.355921257095313026e-01 3.127146894992626630e-02 6.051824159698161454e-01
1.355921257095313026e-01 1.838522455442933856e-01 3.306049614378733098e-02 6.419516944031756767e-01
1.838522455442933856e-01 2.492891678982144810e-01 3.566006578322715448e-02 6.919691318116907297e-01
2.492891678982144810e-01 3.380164819167915113e-01 3.842756190236812364e-02 7.471119738210239003e-01
3.380164819167915113e-01 4.583237330795510434e-01 4.251508643817631522e-02 8.268332285301012163e-01
4.583237330795510434e-01 6.214508923138416518e-01 4.871489361623027037e-02 9.481772801884561508e-01
6.214508923138416518e-01 8.426384751291882136e-01 5.532953680520519973e-02 1.077397671882391883e+00
8.426384751291882136e-01 1.142551420474046342e+00 5.935652284854132238e-02 1.156127464651681036e+00
1.142551420474046342e+00 1.549209758345204913e+00 5.923954969673106419e-02 1.154073854810997002e+00
1.549209758345204913e+00 2.100606443039755522e+00 5.615569177477870710e-02 1.094363224931789391e+00
2.100606443039755522e+00 2.848256928908980079e+00 5.225764583353301185e-02 1.018294737551623141e+00
2.848256928908980079e+00 3.862012115576700655e+00 4.905774919103098042e-02 9.559278072057757480e-01
3.862012115576700655e+00 5.236584322670087666e+00 4.598507262970924492e-02 8.960781242537538827e-01
5.236584322670087666e+00 7.100395997680434945e+00 4.413192454170818124e-02 8.599212284022855757e-01
7.100395997680434945e+00 9.627577867049382121e+00 4.308761397412913530e-02 8.393427312986627697e-01
9.627577867049382121e+00 1.305423748427261188e+01 4.258079952027826048e-02 8.289546743949912644e-01
1.305423748427261188e+01 1.770051810009568172e+01 4.259950732926439526e-02 8.287823323166624290e-01
1.770051810009568172e+01 2.400050875352008006e+01 4.214019440371701702e-02 8.189044810103852656e-01
2.400050875352008006e+01 3.254279999999999973e+01 4.069957451500492984e-02 7.874319285951045799e-01
