1.000000000000000056e-01 1.355921257095313026e-01 2.876742001052440614e-02 5.583807454011021632e-01
1.355921257095313026e-01 1.838522455442933856e-01 3.119532044968258491e-02 6.057855595655214920e-01
1.838522455442933856e-01 2.492891678982144810e-01 3.380998357240985741e-02 6.566826787483431849e-01
2.492891678982144810e-01 3.380164819167915113e-01 3.687963076534413881e-02 7.174471333055880695e-01
3.380164819167915113e-01 4.583237330795510434e-01 4.067139830906370268e-02 7.918864152526218225e-01
4.583237330795510434e-01 6.214508923138416518e-01 4.633681086218741779e-02 9.023981285088822357e-01
6.214508923138416518e-01 8.426384751291882136e-01 5.521960212272166574e-02 1.075697816736646883e+00
8.426384751291882136e-01 1.142551420474046342e+00 6.236116880774415089e-02 1.214538844765291614e+00
1.142551420474046342e+00 1.549209758345204913e+00 6.257182978147442232e-02 1.219207748609655972e+00
1.549209758345204913e+00 2.100606443039755522e+00 5.902111360733840184e-02 1.149823968057683832e+00
2.100606443039755522e+00 2.848256928908980079e+00 5.469018192618794322e-02 1.065869649901817429e+00
2.848256928908980079e+00 3.862012115576700655e+00 5.022273446027814003e-02 9.787801364805154281e-01
3.862012115576700655e+00 5.236584322670087666e+00 4.656662227680399141e-02 9.074841766181718228e-01
5.236584322670087666e+00 7.100395997680434945e+00 4.413132900375552059e-02 8.599811718369023694e-01
7.100395997680434945e+00 9.627577867049382121e+00 4.258999627082193928e-02 8.299186932665076899e-01
9.627577867049382121e+00 1.305423748427261188e+01 4.150518717211895692e-02 8.085353447247166647e-01
1.305423748427261188e+01 1.770051810009568172e+01 4.090560784690305818e-02 7.966420093224801935e-01
1.770051810009568172e+01 2.400050875352008006e+01 4.008477024978455983e-02 7.802288691620796746e-01
2.400050875352008006e+01 3.254279999999999973e+01 3.841377320589332844e-02 7.462004743348156222e-01
