1.000000000000000056e-01 1.355921257095313026e-01 5.958008660057608624e-02 1.157174105956157106e+00
1.355921257095313026e-01 1.838522455442933856e-01 5.749890309120771203e-02 1.117122386417616964e+00
1.838522455442933856e-01 2.492891678982144810e-01 5.570319751476679460e-02 1.080355192652591168e+00
2.492891678982144810e-01 3.380164819167915113e-01 5.437307564016082007e-02 1.056098678677324321e+00
3.380164819167915113e-01 4.583237330795510434e-01 5.351489361364546171e-02 1.041234288586164070e+00
4.583237330795510434e-01 6.214508923138416518e-01 5.364692579744591294e-02 1.043931751837215760e+00
6.214508923138416518e-01 8.426384751291882136e-01 5.295123760289861120e-02 1.030814353344765122e+00
8.426384751291882136e-01 1.142551420474046342e+00 5.477168850086733265e-02 1.066273916198821947e+00
1.142551420474046342e+00 1.549209758345204913e+00 5.792302661692820542e-02 1.128688861101432961e+00
1.549209758345204913e+00 2.100606443039755522e+00 5.645137887230117224e-02 1.100043613553942201e+00
2.100606443039755522e+00 2.848256928908980079e+00 5.321709520070066340e-02 1.037127579239343511e+00
2.848256928908980079e+00 3.862012115576700655e+00 4.950126645916539531e-02 9.645750969479452985e-01
3.862012115576700655e+00 5.236584322670087666e+00 4.691711606231594583e-02 9.142875381951097724e-01
5.236584322670087666e+00 7.100395997680434945e+00 4.482010166378361249e-02 8.733425888267285497e-01
7.100395997680434945e+00 9.627577867049382121e+00 4.360576663619847998e-02 8.496237313726314744e-01
9.627577867049382121e+00 1.305423748427261188e+01 4.277089123949600474e-02 8.332270701126857082e-01
1.305423748427261188e+01 1.770051810009568172e+01 4.242593521908692711e-02 8.258380691724648281e-01
1.770051810009568172e+01 2.400050875352008006e+01 4.194785423367172056e-02 8.148166295873157106e-01
2.400050875352008006e+01 3.254279999999999973e+01 4.108351010014429927e-02 7.928180729627188894e-01
