1.000000000000000056e-01 1.355921257095313026e-01 7.353751307338220189e-02 1.403625231075088520e+00
1.355921257095313026e-01 1.838522455442933856e-01 6.579880294478389346e-02 1.257637736982480492e+00
1.838522455442933856e-01 2.492891678982144810e-01 6.086553714492531214e-02 1.171518507830309641e+00
2.492891678982144810e-01 3.380164819167915113e-01 5.777629222752397181e-02 1.117489970541981403e+00
3.380164819167915113e-01 4.583237330795510434e-01 5.679520482976721518e-02 1.101629866884785036e+00
4.583237330795510434e-01 6.214508923138416518e-01 5.922107305730221066e-02 1.152521147919829181e+00
6.214508923138416518e-01 8.426384751291882136e-01 6.153415473074299452e-02 1.198150060198311939e+00
8.426384751291882136e-01 1.142551420474046342e+00 6.070896376424105012e-02 1.182462038601287402e+00
1.142551420474046342e+00 1.549209758345204913e+00 5.956132562600381652e-02 1.159766365774732355e+00
1.549209758345204913e+00 2.100606443039755522e+00 5.669505766538520536e-02 1.104397814903876673e+00
2.100606443039755522e+00 2.848256928908980079e+00 5.306193175555643654e-02 1.033663533415329461e+00
2.848256928908980079e+00 3.862012115576700655e+00 4.982932956015165976e-02 9.708937518017749513e-01
3.862012115576700655e+00 5.236584322670087666e+00 4.678201877787541846e-02 9.112626626791419104e-01
5.236584322670087666e+00 7.100395997680434945e+00 4.469498709171115802e-02 8.705926900206057972e-01
7.100395997680434945e+00 9.627577867049382121e+00 4.348700260348675739e-02 8.472178388487109357e-01
9.627577867049382121e+00 1.305423748427261188e+01 4.266391770491817503e-02 8.308440913346862855e-01
1.305423748427261188e+01 1.770051810009568172e+01 4.229138110762935970e-02 8.230656462146189734e-01
1.770051810009568172e+01 2.400050875352008006e+01 4.180332673464448590e-02 8.126768107311280742e-01
2.400050875352008006e+01 3.254279999999999973e+01 4.022806531208434483e-02 7.804140282497703529e-01
