1.000000000000000056e-01 1.355921257095313026e-01 4.891291755516197215e-02 9.306021749602400028e-01
1.355921257095313026e-01 1.838522455442933856e-01 4.724495998981399075e-02 9.101873383252361283e-01
1.838522455442933856e-01 2.492891678982144810e-01 4.616888857503358840e-02 8.930027137624033662e-01
2.492891678982144810e-01 3.380164819167915113e-01 4.709788968803037268e-02 9.147663690414560289e-01
3.380164819167915113e-01 4.583237330795510434e-01 4.969265382202139869e-02 9.658844748625098342e-01
4.583237330795510434e-01 6.214508923138416518e-01 5.560426248066751426e-02 1.081786487835506128e+00
6.214508923138416518e-01 8.426384751291882136e-01 6.131204203188778817e-02 1.193450177382323396e+00
8.426384751291882136e-01 1.142551420474046342e+00 6.331295942917204711e-02 1.232883628486581395e+00
1.142551420474046342e+00 1.549209758345204913e+00 6.002511500552282220e-02 1.169545466381429755e+00
1.549209758345204913e+00 2.100606443039755522e+00 5.613026765254441192e-02 1.093919429099756480e+00
2.100606443039755522e+00 2.848256928908980079e+00 5.247195237905792620e-02 1.022546058930386526e+00
2.848256928908980079e+00 3.862012115576700655e+00 4.937882876166317658e-02 9.622169123232409138e-01
3.862012115576700655e+00 5.236584322670087666e+00 4.679111841834099339e-02 9.116376451352448118e-01
5.236584322670087666e+00 7.100395997680434945e+00 4.481081235667167678e-02 8.731864097067359998e-01
7.100395997680434945e+00 9.627577867049382121e+00 4.381269822982847978e-02 8.535702371684604772e-01
9.627577867049382121e+00 1.305423748427261188e+01 4.323564394822528023e-02 8.419360829537092528e-01
1.305423748427261188e+01 1.770051810009568172e+01 4.318918919650537036e-02 8.407980501044943766e-01
1.770051810009568172e+01 2.400050875352008006e+01 4.300799975192626246e-02 8.354558036418270328e-01
2.400050875352008006e+01 3.254279999999999973e+01 4.170124201102001077e-02 8.061056404820976518e-01
