1.000000000000000056e-01 1.355921257095313026e-01 5.912552419668061499e-02 1.132380763263697965e+00
1.355921257095313026e-01 1.838522455442933856e-01 5.403831890096066903e-02 1.042697509126723654e+00
1.838522455442933856e-01 2.492891678982144810e-01 5.098857310819444183e-02 9.831123971183313159e-01
2.492891678982144810e-01 3.380164819167915113e-01 4.977722615424277908e-02 9.648823639296855159e-01
3.380164819167915113e-01 4.583237330795510434e-01 5.134869104382916438e-02 9.972739938349407529e-01
4.583237330795510434e-01 6.214508923138416518e-01 5.718743662598835265e-02 1.113385815097864606e+00
6.214508923138416518e-01 8.426384751291882136e-01 6.427211233666718648e-02 1.252367389493748151e+00
8.426384751291882136e-01 1.142551420474046342e+00 6.626504639580271805e-02 1.291450366560010776e+00
1.142551420474046342e+00 1.549209758345204913e+00 6.349648706960117628e-02 1.237474479947325623e+00
1.549209758345204913e+00 2.100606443039755522e+00 5.920831725231753134e-02 1.154000490146409819e+00
2.100606443039755522e+00 2.848256928908980079e+00 5.493625815088629127e-02 1.070716274874826679e+00
2.848256928908980079e+00 3.862012115576700655e+00 5.128194651437290724e-02 9.995135910213575059e-01
3.862012115576700655e+00 5.236584322670087666e+00 4.788802712740643924e-02 9.333729708534707070e-01
5.236584322670087666e+00 7.100395997680434945e+00 4.564611090570343949e-02 8.896173492122044779e-01
7.100395997680434945e+00 9.627577867049382121e+00 4.401111936239950756e-02 8.576838632167589349e-01
9.627577867049382121e+00 1.305423748427261188e+01 4.267639050504023340e-02 8.316583536326366266e-01
1.305423748427261188e+01 1.770051810009568172e+01 4.239143410263197104e-02 8.260155637550757879e-01
1.770051810009568172e+01 2.400050875352008006e+01 4.187807127891866876e-02 8.156104989427728214e-01
2.400050875352008006e+01 3.254279999999999973e+01 4.044124501048287218e-02 7.866943099445501408e-01
