1.000000000000000056e-01 1.355921257095313026e-01 6.506010197476040646e-02 1.256408561009447977e+00
1.355921257095313026e-01 1.838522455442933856e-01 6.110430853785268207e-02 1.181638857537727461e+00
1.838522455442933856e-01 2.492891678982144810e-01 5.765972105427138311e-02 1.120694966650110036e+00
2.492891678982144810e-01 3.380164819167915113e-01 5.554389354360923792e-02 1.078214123637893040e+00
3.380164819167915113e-01 4.583237330795510434e-01 5.407277951979705399e-02 1.051160322644807632e+00
4.583237330795510434e-01 6.214508923138416518e-01 5.545296443585466528e-02 1.080024034324955418e+00
6.214508923138416518e-01 8.426384751291882136e-01 5.900207619665561593e-02 1.149157393793891702e+00
8.426384751291882136e-01 1.142551420474046342e+00 6.069813650545443501e-02 1.182793711248874891e+00
1.142551420474046342e+00 1.549209758345204913e+00 5.961649383978745442e-02 1.161704467760995785e+00
1.549209758345204913e+00 2.100606443039755522e+00 5.682597919233352279e-02 1.107570584947100478e+00
2.100606443039755522e+00 2.848256928908980079e+00 5.365813039994651867e-02 1.045820521789411650e+00
2.848256928908980079e+00 3.862012115576700655e+00 5.037168080150095095e-02 9.817890049780666484e-01
3.862012115576700655e+00 5.236584322670087666e+00 4.728207475790063841e-02 9.215124606461762014e-01
5.236584322670087666e+00 7.100395997680434945e+00 4.509548554427367933e-02 8.788731113239807158e-01
7.100395997680434945e+00 9.627577867049382121e+00 4.364894745125077330e-02 8.506751523307035656e-01
9.627577867049382121e+00 1.305423748427261188e+01 4.227651476748040676e-02 8.238585243181028028e-01
1.305423748427261188e+01 1.770051810009568172e+01 4.202548355662300700e-02 8.188274539922266726e-01
1.770051810009568172e+01 2.400050875352008006e+01 4.150484837626509937e-02 8.081262593182224618e-01
2.400050875352008006e+01 3.254279999999999973e+01 4.020693125799004730e-02 7.816286307280102541e-01
