1.000000000000000056e-01 1.355921257095313026e-01 8.125995541285853385e-02 1.573969804122901328e+00
1.355921257095313026e-01 1.838522455442933856e-01 7.484313775468956487e-02 1.451851774087713487e+00
1.838522455442933856e-01 2.492891678982144810e-01 6.788207589126493691e-02 1.316877899590007228e+00
2.492891678982144810e-01 3.380164819167915113e-01 5.941270449770830187e-02 1.155198911951546670e+00
3.380164819167915113e-01 4.583237330795510434e-01 4.570276881995120888e-02 8.875417680285266897e-01
4.583237330795510434e-01 6.214508923138416518e-01 3.675467451917642514e-02 7.145049526956972485e-01
6.214508923138416518e-01 8.426384751291882136e-01 4.230778446967778383e-02 8.232748524738789930e-01
8.426384751291882136e-01 1.142551420474046342e+00 5.429434288398683056e-02 1.056867151025023155e+00
1.142551420474046342e+00 1.549209758345204913e+00 5.853147649761379634e-02 1.140236876291576884e+00
1.549209758345204913e+00 2.100606443039755522e+00 5.607799020540867735e-02 1.092485966631288719e+00
2.100606443039755522e+00 2.848256928908980079e+00 5.268660767456621874e-02 1.026497066092015409e+00
2.848256928908980079e+00 3.862012115576700655e+00 4.956752093447420321e-02 9.658460424373890296e-01
3.862012115576700655e+00 5.236584322670087666e+00 4.684390086408737885e-02 9.127202588100206126e-01
5.236584322670087666e+00 7.100395997680434945e+00 4.482910599184825734e-02 8.733561340459820022e-01
7.100395997680434945e+00 9.627577867049382121e+00 4.367644448889606429e-02 8.506096849422170036e-01
9.627577867049382121e+00 1.305423748427261188e+01 4.270540109739157097e-02 8.313242896185529807e-01
1.305423748427261188e+01 1.770051810009568172e+01 4.274579777249459117e-02 8.310357767624516612e-01
1.770051810009568172e+01 2.400050875352008006e+01 4.234138078535053945e-02 8.218939400139849694e-01
2.400050875352008006e+01 3.254279999999999973e+01 4.126687897616584944e-02 7.942941897895631209e-01
