1.000000000000000056e-01 1.355921257095313026e-01 6.243788122663293527e-02 1.211010876310275597e+00
1.355921257095313026e-01 1.838522455442933856e-01 5.712566878621602728e-02 1.110166377438807528e+00
1.838522455442933856e-01 2.492891678982144810e-01 5.299029324196785629e-02 1.023761688821025473e+00
2.492891678982144810e-01 3.380164819167915113e-01 4.951198162417132925e-02 9.609832819710104612e-01
3.380164819167915113e-01 4.583237330795510434e-01 4.771608402353216122e-02 9.264624215162631238e-01
4.583237330795510434e-01 6.214508923138416518e-01 4.795286276310554985e-02 9.326578829661408276e-01
6.214508923138416518e-01 8.426384751291882136e-01 5.150218708308911680e-02 1.003207484197333299e+00
8.426384751291882136e-01 1.142551420474046342e+00 5.471723090450865412e-02 1.064898932043655044e+00
1.142551420474046342e+00 1.549209758345204913e+00 5.554837872185248993e-02 1.081664518912130779e+00
1.549209758345204913e+00 2.100606443039755522e+00 5.444826980538898520e-02 1.060816540604482494e+00
2.100606443039755522e+00 2.848256928908980079e+00 5.200295512269220710e-02 1.013437401867489429e+00
2.848256928908980079e+00 3.862012115576700655e+00 4.928287881632102685e-02 9.604849484361513978e-01
3.862012115576700655e+00 5.236584322670087666e+00 4.643957353479332556e-02 9.050575744322882921e-01
5.236584322670087666e+00 7.100395997680434945e+00 4.425475824579688799e-02 8.624139910302172085e-01
7.100395997680434945e+00 9.627577867049382121e+00 4.297844063274133125e-02 8.374940074065869711e-01
9.627577867049382121e+00 1.305423748427261188e+01 4.203336387683297842e-02 8.189720993908531366e-01
1.305423748427261188e+01 1.770051810009568172e+01 4.179346105494878560e-02 8.142015765100248936e-01
1.770051810009568172e+01 2.400050875352008006e+01 4.156960225271068982e-02 8.085533826980172423e-01
2.400050875352008006e+01 3.254279999999999973e+01 4.028180440040934202e-02 7.811006433003444549e-01
