1.000000000000000056e-01 1.355921257095313026e-01 3.646729011898970640e-02 6.955249796319425970e-01
1.355921257095313026e-01 1.838522455442933856e-01 3.805782363860822637e-02 7.275941199096817025e-01
1.838522455442933856e-01 2.492891678982144810e-01 4.002798108378377573e-02 7.743797205133979844e-01
2.492891678982144810e-01 3.380164819167915113e-01 4.222288436109222776e-02 8.179017804143543513e-01
3.380164819167915113e-01 4.583237330795510434e-01 4.617102834493066327e-02 8.970928504025940109e-01
4.583237330795510434e-01 6.214508923138416518e-01 5.217947878634940362e-02 1.014532435890683981e+00
6.214508923138416518e-01 8.426384751291882136e-01 5.794552679162668501e-02 1.128542583863257009e+00
8.426384751291882136e-01 1.142551420474046342e+00 6.002596846176239120e-02 1.169130567923609254e+00
1.142551420474046342e+00 1.549209758345204913e+00 5.913951641359233014e-02 1.151662730547564850e+00
1.549209758345204913e+00 2.100606443039755522e+00 5.569598891370978327e-02 1.084664857544826999e+00
2.100606443039755522e+00 2.848256928908980079e+00 5.189577302958033045e-02 1.010975930415852986e+00
2.848256928908980079e+00 3.862012115576700655e+00 4.879295216128817086e-02 9.505403296663782475e-01
3.862012115576700655e+00 5.236584322670087666e+00 4.598603781603613494e-02 8.958297546631669439e-01
5.236584322670087666e+00 7.100395997680434945e+00 4.425051764923586956e-02 8.619184531849822806e-01
7.100395997680434945e+00 9.627577867049382121e+00 4.333446995765345006e-02 8.438835840859948423e-01
9.627577867049382121e+00 1.305423748427261188e+01 4.289597007002630275e-02 8.346628737634590456e-01
1.305423748427261188e+01 1.770051810009568172e+01 4.291830267378340252e-02 8.343570327842224632e-01
1.770051810009568172e+01 2.400050875352008006e+01 4.254291906255244782e-02 8.254181925277219722e-01
2.400050875352008006e+01 3.254279999999999973e+01 4.151759657052461056e-02 8.032940581956954373e-01
