1.000000000000000056e-01 1.355921257095313026e-01 3.648854301524209059e-02 6.986396297700573355e-01
1.355921257095313026e-01 1.838522455442933856e-01 3.847366929083841092e-02 7.430652159795492206e-01
1.838522455442933856e-01 2.492891678982144810e-01 4.123761055161356132e-02 8.015000775053728876e-01
2.492891678982144810e-01 3.380164819167915113e-01 4.440592969630734188e-02 8.630585300217478162e-01
3.380164819167915113e-01 4.583237330795510434e-01 4.819017690197490572e-02 9.373186841633590616e-01
4.583237330795510434e-01 6.214508923138416518e-01 5.373997351369545761e-02 1.044686264160779254e+00
6.214508923138416518e-01 8.426384751291882136e-01 5.865655938373319500e-02 1.141819908926331006e+00
8.426384751291882136e-01 1.142551420474046342e+00 6.056998502249624772e-02 1.179442762010816104e+00
1.142551420474046342e+00 1.549209758345204913e+00 5.873952331940103522e-02 1.144173160094617003e+00
1.549209758345204913e+00 2.100606443039755522e+00 5.518064496704742916e-02 1.075199716017184448e+00
2.100606443039755522e+00 2.848256928908980079e+00 5.162029723029876171e-02 1.005822470812187230e+00
2.848256928908980079e+00 3.862012115576700655e+00 4.874398223619010040e-02 9.498003906838365928e-01
3.862012115576700655e+00 5.236584322670087666e+00 4.598953724056270564e-02 8.960133637751646063e-01
5.236584322670087666e+00 7.100395997680434945e+00 4.425145660855837187e-02 8.620186121657463785e-01
7.100395997680434945e+00 9.627577867049382121e+00 4.324152314985485468e-02 8.421753070382788087e-01
9.627577867049382121e+00 1.305423748427261188e+01 4.270079228416833600e-02 8.312130946364130191e-01
1.305423748427261188e+01 1.770051810009568172e+01 4.271532608790171159e-02 8.311527097411205434e-01
1.770051810009568172e+01 2.400050875352008006e+01 4.228769172898490941e-02 8.212734749383098221e-01
2.400050875352008006e+01 3.254279999999999973e+01 4.089605491563735873e-02 7.908553218193378198e-01
