1.000000000000000056e-01 1.355921257095313026e-01 3.891295440217597268e-02 7.487898507012742400e-01
1.355921257095313026e-01 1.838522455442933856e-01 3.997108037758365789e-02 7.760027703449017267e-01
1.838522455442933856e-01 2.492891678982144810e-01 4.210123797987139205e-02 8.175337582991774044e-01
2.492891678982144810e-01 3.380164819167915113e-01 4.512314501939194977e-02 8.778344798149388950e-01
3.380164819167915113e-01 4.583237330795510434e-01 4.882843903529146545e-02 9.502900752099191495e-01
4.583237330795510434e-01 6.214508923138416518e-01 5.616818809790379702e-02 1.093917492727070950e+00
6.214508923138416518e-01 8.426384751291882136e-01 6.402738653877461383e-02 1.247552084468557254e+00
8.426384751291882136e-01 1.142551420474046342e+00 6.449542462165283596e-02 1.256743189830795249e+00
1.142551420474046342e+00 1.549209758345204913e+00 6.250351876105776638e-02 1.218108838126449545e+00
1.549209758345204913e+00 2.100606443039755522e+00 5.886028958960391050e-02 1.147287024017565438e+00
2.100606443039755522e+00 2.848256928908980079e+00 5.463186998319853604e-02 1.064892894155075487e+00
2.848256928908980079e+00 3.862012115576700655e+00 5.084927482538926374e-02 9.911909528407180092e-01
3.862012115576700655e+00 5.236584322670087666e+00 4.758364610848507537e-02 9.275370271525015253e-01
5.236584322670087666e+00 7.100395997680434945e+00 4.537370319514346523e-02 8.844509391491138794e-01
7.100395997680434945e+00 9.627577867049382121e+00 4.393496601139709745e-02 8.563608875624353356e-01
9.627577867049382121e+00 1.305423748427261188e+01 4.277688358317714712e-02 8.337644329684190669e-01
1.305423748427261188e+01 1.770051810009568172e+01 4.245050214579413478e-02 8.273818031907926862e-01
1.770051810009568172e+01 2.400050875352008006e+01 4.194080301571560809e-02 8.173412426967266997e-01
2.400050875352008006e+01 3.254279999999999973e+01 4.057269682108106262e-02 7.903017711788435928e-01
