1.000000000000000056e-01 1.355921257095313026e-01 6.297521174779742437e-02 1.223609883864794856e+00
1.355921257095313026e-01 1.838522455442933856e-01 5.782921547712910337e-02 1.123418616411389070e+00
1.838522455442933856e-01 2.492891678982144810e-01 5.352884973506784327e-02 1.040740492842190612e+00
2.492891678982144810e-01 3.380164819167915113e-01 5.034383798049270331e-02 9.788427704040885136e-01
3.380164819167915113e-01 4.583237330795510434e-01 4.815894887162543159e-02 9.353364068443611457e-01
4.583237330795510434e-01 6.214508923138416518e-01 4.730252339347688906e-02 9.171340435572002958e-01
6.214508923138416518e-01 8.426384751291882136e-01 4.773397683411634979e-02 9.278518532730815060e-01
8.426384751291882136e-01 1.142551420474046342e+00 4.880683867855011016e-02 9.498378738155802692e-01
1.142551420474046342e+00 1.549209758345204913e+00 5.001420921592430319e-02 9.735918138818507872e-01
1.549209758345204913e+00 2.100606443039755522e+00 5.043590251797873403e-02 9.824243465674236120e-01
2.100606443039755522e+00 2.848256928908980079e+00 4.923817975812823378e-02 9.592506484289667901e-01
2.848256928908980079e+00 3.862012115576700655e+00 4.692305487997357194e-02 9.143866606555000054e-01
3.862012115576700655e+00 5.236584322670087666e+00 4.477045616478123741e-02 8.722106270494923708e-01
5.236584322670087666e+00 7.100395997680434945e+00 4.285719368237334015e-02 8.349793099742656155e-01
7.100395997680434945e+00 9.627577867049382121e+00 4.179748816418699803e-02 8.141848287145145857e-01
9.627577867049382121e+00 1.305423748427261188e+01 4.114556337407967307e-02 8.012987244528254616e-01
1.305423748427261188e+01 1.770051810009568172e+01 4.091866597126639360e-02 7.968515654532756232e-01
1.770051810009568172e+01 2.400050875352008006e+01 4.045084552962193575e-02 7.869337815285123439e-01
2.400050875352008006e+01 3.254279999999999973e+01 3.927182773311414798e-02 7.600313405168327430e-01
