1.000000000000000056e-01 1.355921257095313026e-01 4.752024162540140900e-02 9.114184426452273113e-01
1.355921257095313026e-01 1.838522455442933856e-01 4.800424151524086691e-02 9.245567863624493121e-01
1.838522455442933856e-01 2.492891678982144810e-01 4.913061606488727112e-02 9.538170615608726477e-01
2.492891678982144810e-01 3.380164819167915113e-01 5.092254239882104683e-02 9.914245015387771476e-01
3.380164819167915113e-01 4.583237330795510434e-01 5.407920010056940785e-02 1.052887440769477267e+00
4.583237330795510434e-01 6.214508923138416518e-01 6.051133321749528615e-02 1.177656390832326538e+00
6.214508923138416518e-01 8.426384751291882136e-01 6.719845928520137845e-02 1.309034556018391804e+00
8.426384751291882136e-01 1.142551420474046342e+00 6.724968378240928080e-02 1.310322927808176274e+00
1.142551420474046342e+00 1.549209758345204913e+00 6.246270527358312175e-02 1.217293483849497981e+00
1.549209758345204913e+00 2.100606443039755522e+00 5.816950499970544725e-02 1.133627706626142873e+00
2.100606443039755522e+00 2.848256928908980079e+00 5.439686275792105646e-02 1.060193353590063392e+00
2.848256928908980079e+00 3.862012115576700655e+00 5.085191642973804077e-02 9.911699802560437478e-01
3.862012115576700655e+00 5.236584322670087666e+00 4.770297356784976295e-02 9.297056216719844501e-01
5.236584322670087666e+00 7.100395997680434945e+00 4.515243844675331797e-02 8.800444046902355932e-01
7.100395997680434945e+00 9.627577867049382121e+00 4.354831114400355835e-02 8.486803330058304562e-01
9.627577867049382121e+00 1.305423748427261188e+01 4.211573716146409241e-02 8.206647941233740084e-01
1.305423748427261188e+01 1.770051810009568172e+01 4.152843921155656426e-02 8.090415424915028408e-01
1.770051810009568172e+01 2.400050875352008006e+01 4.074170363825437707e-02 7.932184672515306678e-01
2.400050875352008006e+01 3.254279999999999973e+01 3.895038294536224549e-02 7.567190290626444327e-01
