1.000000000000000056e-01 1.355921257095313026e-01 5.392522462677006023e-02 1.032219664204338860e+00
1.355921257095313026e-01 1.838522455442933856e-01 5.323936454705460730e-02 1.027390349165845151e+00
1.838522455442933856e-01 2.492891678982144810e-01 5.228043941490233271e-02 1.010906731157709126e+00
2.492891678982144810e-01 3.380164819167915113e-01 5.188760613887614948e-02 1.006960587163653109e+00
3.380164819167915113e-01 4.583237330795510434e-01 5.294165993257587272e-02 1.029637933932400884e+00
4.583237330795510434e-01 6.214508923138416518e-01 5.618459647503577098e-02 1.093122742939621306e+00
6.214508923138416518e-01 8.426384751291882136e-01 6.015557134494463332e-02 1.171704557618635789e+00
8.426384751291882136e-01 1.142551420474046342e+00 6.171455126089618604e-02 1.201695113881733556e+00
1.142551420474046342e+00 1.549209758345204913e+00 6.003117692631743108e-02 1.169684077245596532e+00
1.549209758345204913e+00 2.100606443039755522e+00 5.663236438094019359e-02 1.103444801297457145e+00
2.100606443039755522e+00 2.848256928908980079e+00 5.309984527888791939e-02 1.034482368134300723e+00
2.848256928908980079e+00 3.862012115576700655e+00 5.004542638491343148e-02 9.749474796341971450e-01
3.862012115576700655e+00 5.236584322670087666e+00 4.698288272848215319e-02 9.151432054648162007e-01
5.236584322670087666e+00 7.100395997680434945e+00 4.473323444860624609e-02 8.713025243037764156e-01
7.100395997680434945e+00 9.627577867049382121e+00 4.333738097584638460e-02 8.438706780395122120e-01
9.627577867049382121e+00 1.305423748427261188e+01 4.238013555558219764e-02 8.246376329980379394e-01
1.305423748427261188e+01 1.770051810009568172e+01 4.200767446816471018e-02 8.161920141595384592e-01
1.770051810009568172e+01 2.400050875352008006e+01 4.138007495319084850e-02 8.030828002705950874e-01
2.400050875352008006e+01 3.254279999999999973e+01 3.998919351666664623e-02 7.723005736819250622e-01
