1.000000000000000056e-01 1.355921257095313026e-01 7.035511873854802256e-02 1.361906156040373350e+00
1.355921257095313026e-01 1.838522455442933856e-01 6.762082889210976888e-02 1.312512399502703042e+00
1.838522455442933856e-01 2.492891678982144810e-01 6.573431516173050548e-02 1.276025775399346252e+00
2.492891678982144810e-01 3.380164819167915113e-01 6.351091604182713957e-02 1.232825558703858793e+00
3.380164819167915113e-01 4.583237330795510434e-01 6.265602896105650077e-02 1.217859887423288656e+00
4.583237330795510434e-01 6.214508923138416518e-01 6.510387527177537159e-02 1.268687582605537933e+00
6.214508923138416518e-01 8.426384751291882136e-01 6.575443807016494169e-02 1.281429969682243097e+00
8.426384751291882136e-01 1.142551420474046342e+00 6.555389740987224712e-02 1.277748339186959292e+00
1.142551420474046342e+00 1.549209758345204913e+00 6.401086954928404682e-02 1.247644440161892465e+00
1.549209758345204913e+00 2.100606443039755522e+00 6.013764943531932361e-02 1.172219485404316419e+00
2.100606443039755522e+00 2.848256928908980079e+00 5.536502381551129670e-02 1.079153891144912558e+00
2.848256928908980079e+00 3.862012115576700655e+00 5.160213218512122585e-02 1.005825431447387119e+00
3.862012115576700655e+00 5.236584322670087666e+00 4.826617379526123436e-02 9.407817599360137617e-01
5.236584322670087666e+00 7.100395997680434945e+00 4.578826034953450280e-02 8.925173669280500599e-01
7.100395997680434945e+00 9.627577867049382121e+00 4.408075306080896233e-02 8.591188568483688615e-01
9.627577867049382121e+00 1.305423748427261188e+01 4.289498380905824165e-02 8.359504368130047380e-01
1.305423748427261188e+01 1.770051810009568172e+01 4.230787778105774694e-02 8.244291182646290572e-01
1.770051810009568172e+01 2.400050875352008006e+01 4.162007196135882048e-02 8.108989032164584110e-01
2.400050875352008006e+01 3.254279999999999973e+01 3.995176281386569189e-02 7.778938036934800460e-01
