1.000000000000000056e-01 1.355921257095313026e-01 4.852415858396390280e-02 9.348776626083739050e-01
1.355921257095313026e-01 1.838522455442933856e-01 4.545027872099657168e-02 8.771001567466950588e-01
1.838522455442933856e-01 2.492891678982144810e-01 4.399187828422045782e-02 8.541431571716163740e-01
2.492891678982144810e-01 3.380164819167915113e-01 4.351037741953726196e-02 8.446027312951294164e-01
3.380164819167915113e-01 4.583237330795510434e-01 4.440183337675165931e-02 8.638548181435790063e-01
4.583237330795510434e-01 6.214508923138416518e-01 4.877998283013522396e-02 9.477811757563723294e-01
6.214508923138416518e-01 8.426384751291882136e-01 5.569508600975038581e-02 1.084671937885411053e+00
8.426384751291882136e-01 1.142551420474046342e+00 6.264348854727662397e-02 1.220313875564084771e+00
1.142551420474046342e+00 1.549209758345204913e+00 6.342988540045117751e-02 1.235838279311704424e+00
1.549209758345204913e+00 2.100606443039755522e+00 6.001773504318461822e-02 1.169540578576846235e+00
2.100606443039755522e+00 2.848256928908980079e+00 5.534936542508877427e-02 1.078584270330955608e+00
2.848256928908980079e+00 3.862012115576700655e+00 5.128572708813916581e-02 9.995222726743736574e-01
3.862012115576700655e+00 5.236584322670087666e+00 4.761207946979868766e-02 9.279830059376085183e-01
5.236584322670087666e+00 7.100395997680434945e+00 4.528754929781264593e-02 8.826129147725508828e-01
7.100395997680434945e+00 9.627577867049382121e+00 4.354358401338424139e-02 8.486169244807609813e-01
9.627577867049382121e+00 1.305423748427261188e+01 4.207824156806012211e-02 8.200003609746023825e-01
1.305423748427261188e+01 1.770051810009568172e+01 4.186747050063421849e-02 8.157967508679079272e-01
1.770051810009568172e+01 2.400050875352008006e+01 4.138892530376431234e-02 8.062057544064951120e-01
2.400050875352008006e+01 3.254279999999999973e+01 3.973133526071471328e-02 7.735123376455143029e-01
