1.000000000000000056e-01 1.355921257095313026e-01 6.720875784749502646e-02 1.304010048749754569e+00
1.355921257095313026e-01 1.838522455442933856e-01 6.136625332334821881e-02 1.191496823091779067e+00
1.838522455442933856e-01 2.492891678982144810e-01 5.605557533935617148e-02 1.088572057088935896e+00
2.492891678982144810e-01 3.380164819167915113e-01 5.238902474349919902e-02 1.018105896977882674e+00
3.380164819167915113e-01 4.583237330795510434e-01 4.953305197722035480e-02 9.617345417234102189e-01
4.583237330795510434e-01 6.214508923138416518e-01 4.886709781436419237e-02 9.502483322114970710e-01
6.214508923138416518e-01 8.426384751291882136e-01 5.141922297012457149e-02 1.000654631553909768e+00
8.426384751291882136e-01 1.142551420474046342e+00 5.215380519118170688e-02 1.015950171571814886e+00
1.142551420474046342e+00 1.549209758345204913e+00 5.222002103275770468e-02 1.017339813388429715e+00
1.549209758345204913e+00 2.100606443039755522e+00 5.129021861568783952e-02 9.995531760571484403e-01
2.100606443039755522e+00 2.848256928908980079e+00 4.967594659281603792e-02 9.681659025498398075e-01
2.848256928908980079e+00 3.862012115576700655e+00 4.744704416772235755e-02 9.247798524091292993e-01
3.862012115576700655e+00 5.236584322670087666e+00 4.525571880821818715e-02 8.820414868872693548e-01
5.236584322670087666e+00 7.100395997680434945e+00 4.363506954726054793e-02 8.504443474064853348e-01
7.100395997680434945e+00 9.627577867049382121e+00 4.237318202134534445e-02 8.257466101389505653e-01
9.627577867049382121e+00 1.305423748427261188e+01 4.185849628386811849e-02 8.156637830327758687e-01
1.305423748427261188e+01 1.770051810009568172e+01 4.141365095832674065e-02 8.069257851645359469e-01
1.770051810009568172e+01 2.400050875352008006e+01 4.099598706369123047e-02 7.983724522899318110e-01
2.400050875352008006e+01 3.254279999999999973e+01 3.982328384252659809e-02 7.747471668555551139e-01
