1.000000000000000056e-01 1.355921257095313026e-01 5.135852254657859856e-02 9.749288760440706358e-01
1.355921257095313026e-01 1.838522455442933856e-01 4.945572734279543581e-02 9.475753075641984990e-01
1.838522455442933856e-01 2.492891678982144810e-01 4.843133153628974286e-02 9.377442341125351577e-01
2.492891678982144810e-01 3.380164819167915113e-01 4.894994591178109672e-02 9.514250208067960290e-01
3.380164819167915113e-01 4.583237330795510434e-01 5.272485217046662259e-02 1.025676451396070332e+00
4.583237330795510434e-01 6.214508923138416518e-01 5.830254517829922684e-02 1.135521587148187406e+00
6.214508923138416518e-01 8.426384751291882136e-01 6.338803486571600865e-02 1.234573631122356518e+00
8.426384751291882136e-01 1.142551420474046342e+00 6.388537823565552942e-02 1.244266389125650685e+00
1.142551420474046342e+00 1.549209758345204913e+00 6.150252702835678348e-02 1.197798438487006401e+00
1.549209758345204913e+00 2.100606443039755522e+00 5.756118603659578226e-02 1.121114552094738537e+00
2.100606443039755522e+00 2.848256928908980079e+00 5.331473683762003035e-02 1.038404323792524231e+00
2.848256928908980079e+00 3.862012115576700655e+00 4.994420423232650424e-02 9.729482963911270099e-01
3.862012115576700655e+00 5.236584322670087666e+00 4.684590340219155907e-02 9.124715774269995805e-01
5.236584322670087666e+00 7.100395997680434945e+00 4.475179918733807743e-02 8.716247897350086760e-01
7.100395997680434945e+00 9.627577867049382121e+00 4.348245996005092873e-02 8.470087913855066653e-01
9.627577867049382121e+00 1.305423748427261188e+01 4.270063757473695903e-02 8.313776148070070038e-01
1.305423748427261188e+01 1.770051810009568172e+01 4.230496412102454501e-02 8.231617434526772303e-01
1.770051810009568172e+01 2.400050875352008006e+01 4.173901165868051932e-02 8.116786642621615089e-01
2.400050875352008006e+01 3.254279999999999973e+01 4.013425218751728168e-02 7.789971693595038049e-01
