1.000000000000000056e-01 1.355921257095313026e-01 5.294221330880791859e-02 1.027763570993626585e+00
1.355921257095313026e-01 1.838522455442933856e-01 5.131571027045785799e-02 9.947663837483988747e-01
1.838522455442933856e-01 2.492891678982144810e-01 4.942796632840337073e-02 9.596664681505298056e-01
2.492891678982144810e-01 3.380164819167915113e-01 4.815369446570885725e-02 9.369919047693326952e-01
3.380164819167915113e-01 4.583237330795510434e-01 4.752616100011893691e-02 9.257371463004846479e-01
4.583237330795510434e-01 6.214508923138416518e-01 4.873111112112657461e-02 9.492009554431427576e-01
6.214508923138416518e-01 8.426384751291882136e-01 5.277065114068629076e-02 1.027939084986599028e+00
8.426384751291882136e-01 1.142551420474046342e+00 5.836346375827256711e-02 1.136914873393146896e+00
1.142551420474046342e+00 1.549209758345204913e+00 5.987852843570084377e-02 1.166426765154417344e+00
1.549209758345204913e+00 2.100606443039755522e+00 5.727479047955209845e-02 1.115811913018770030e+00
2.100606443039755522e+00 2.848256928908980079e+00 5.365459203199237498e-02 1.045525514795239586e+00
2.848256928908980079e+00 3.862012115576700655e+00 5.030778517207550038e-02 9.801101114635908385e-01
3.862012115576700655e+00 5.236584322670087666e+00 4.722692720234977076e-02 9.201974190366823958e-01
5.236584322670087666e+00 7.100395997680434945e+00 4.488964323257016442e-02 8.745959619732104340e-01
7.100395997680434945e+00 9.627577867049382121e+00 4.328355867645908295e-02 8.433032010308174620e-01
9.627577867049382121e+00 1.305423748427261188e+01 4.199709566515670567e-02 8.179072197489013485e-01
1.305423748427261188e+01 1.770051810009568172e+01 4.179682326766730877e-02 8.133407225267483831e-01
1.770051810009568172e+01 2.400050875352008006e+01 4.128089781250544876e-02 8.021332528725213518e-01
2.400050875352008006e+01 3.254279999999999973e+01 3.969983509557397511e-02 7.674099376373972881e-01
