1.000000000000000056e-01 1.355921257095313026e-01 5.697950314463488819e-02 1.100011200860694149e+00
1.355921257095313026e-01 1.838522455442933856e-01 5.496556750685966525e-02 1.065350555219720885e+00
1.838522455442933856e-01 2.492891678982144810e-01 5.305163526933304868e-02 1.030141019152360338e+00
2.492891678982144810e-01 3.380164819167915113e-01 5.153938421351609428e-02 1.000515021621223744e+00
3.380164819167915113e-01 4.583237330795510434e-01 5.097469654871630840e-02 9.898735258039768059e-01
4.583237330795510434e-01 6.214508923138416518e-01 5.141373718578455543e-02 9.989185459853523463e-01
6.214508923138416518e-01 8.426384751291882136e-01 5.348876835317196987e-02 1.040650741627829445e+00
8.426384751291882136e-01 1.142551420474046342e+00 5.374378049836764371e-02 1.045615397020588588e+00
1.142551420474046342e+00 1.549209758345204913e+00 5.336400723999493861e-02 1.038630479142987451e+00
1.549209758345204913e+00 2.100606443039755522e+00 5.253985800350806368e-02 1.022475039732548829e+00
2.100606443039755522e+00 2.848256928908980079e+00 5.095678926248915080e-02 9.927350269667506444e-01
2.848256928908980079e+00 3.862012115576700655e+00 4.816712260748744895e-02 9.383593919199603173e-01
3.862012115576700655e+00 5.236584322670087666e+00 4.564933561679083290e-02 8.894898181273120930e-01
5.236584322670087666e+00 7.100395997680434945e+00 4.351074013567276383e-02 8.478028585047076016e-01
7.100395997680434945e+00 9.627577867049382121e+00 4.227523971430185989e-02 8.237381043751312859e-01
9.627577867049382121e+00 1.305423748427261188e+01 4.142414420394791019e-02 8.070076995532912134e-01
1.305423748427261188e+01 1.770051810009568172e+01 4.118865058967091652e-02 8.020958726293972996e-01
1.770051810009568172e+01 2.400050875352008006e+01 4.062392408994602855e-02 7.907865943631243733e-01
2.400050875352008006e+01 3.254279999999999973e+01 3.932928838570026037e-02 7.641442138827916342e-01
