1.000000000000000056e-01 1.355921257095313026e-01 4.959784535309473552e-02 9.641854977337669386e-01
1.355921257095313026e-01 1.838522455442933856e-01 5.051188044640832209e-02 9.829830961834823411e-01
1.838522455442933856e-01 2.492891678982144810e-01 5.158908903454855616e-02 1.004220757894927596e+00
2.492891678982144810e-01 3.380164819167915113e-01 5.289248579151423213e-02 1.028898707139300095e+00
3.380164819167915113e-01 4.583237330795510434e-01 5.383937912981817675e-02 1.047602124509195987e+00
4.583237330795510434e-01 6.214508923138416518e-01 5.464726962920824632e-02 1.064207856764580740e+00
6.214508923138416518e-01 8.426384751291882136e-01 5.452653536127953504e-02 1.061881187757150791e+00
8.426384751291882136e-01 1.142551420474046342e+00 5.632864964074332098e-02 1.097539245188450696e+00
1.142551420474046342e+00 1.549209758345204913e+00 5.860073060385417171e-02 1.142038803967309724e+00
1.549209758345204913e+00 2.100606443039755522e+00 5.678988832779198470e-02 1.106812913666302522e+00
2.100606443039755522e+00 2.848256928908980079e+00 5.322173234783494911e-02 1.037344894153583663e+00
2.848256928908980079e+00 3.862012115576700655e+00 5.030979189212221592e-02 9.805828337277936457e-01
3.862012115576700655e+00 5.236584322670087666e+00 4.712942145825816526e-02 9.186286745083033223e-01
5.236584322670087666e+00 7.100395997680434945e+00 4.504360998857125792e-02 8.779563579905376169e-01
7.100395997680434945e+00 9.627577867049382121e+00 4.361070481076995131e-02 8.500410631328690902e-01
9.627577867049382121e+00 1.305423748427261188e+01 4.247840080336760110e-02 8.279214398407699349e-01
1.305423748427261188e+01 1.770051810009568172e+01 4.250970989862438293e-02 8.283581453876226464e-01
1.770051810009568172e+01 2.400050875352008006e+01 4.228545478318893741e-02 8.235757558807372813e-01
2.400050875352008006e+01 3.254279999999999973e+01 4.097564186953610299e-02 7.969370459580360500e-01
