1.000000000000000056e-01 1.355921257095313026e-01 6.971510757273595427e-02 1.351327948111918253e+00
1.355921257095313026e-01 1.838522455442933856e-01 6.373415799050109742e-02 1.231562687711353243e+00
1.838522455442933856e-01 2.492891678982144810e-01 5.761068007850234096e-02 1.119156632236803395e+00
2.492891678982144810e-01 3.380164819167915113e-01 5.352675449302625454e-02 1.039563690245325134e+00
3.380164819167915113e-01 4.583237330795510434e-01 5.030534675187246785e-02 9.766978116629864148e-01
4.583237330795510434e-01 6.214508923138416518e-01 4.891800049834581221e-02 9.509047746751552177e-01
6.214508923138416518e-01 8.426384751291882136e-01 4.915168344334889389e-02 9.573498366918055114e-01
8.426384751291882136e-01 1.142551420474046342e+00 4.954207381263037169e-02 9.647874588632378012e-01
1.142551420474046342e+00 1.549209758345204913e+00 4.963665948846272130e-02 9.669550868900295137e-01
1.549209758345204913e+00 2.100606443039755522e+00 4.970154386723572848e-02 9.679628535295308200e-01
2.100606443039755522e+00 2.848256928908980079e+00 4.858411521229445695e-02 9.466039524965635943e-01
2.848256928908980079e+00 3.862012115576700655e+00 4.667927592373880691e-02 9.094643048905229898e-01
3.862012115576700655e+00 5.236584322670087666e+00 4.455665493336601751e-02 8.678986723547437165e-01
5.236584322670087666e+00 7.100395997680434945e+00 4.309658826193202980e-02 8.393523214204043903e-01
7.100395997680434945e+00 9.627577867049382121e+00 4.188677172950863725e-02 8.158097553728888007e-01
9.627577867049382121e+00 1.305423748427261188e+01 4.136684069219503934e-02 8.055749279976932575e-01
1.305423748427261188e+01 1.770051810009568172e+01 4.107825830609820178e-02 7.994968959855471846e-01
1.770051810009568172e+01 2.400050875352008006e+01 4.082457793973973820e-02 7.934373242479872967e-01
2.400050875352008006e+01 3.254279999999999973e+01 3.932540111844291808e-02 7.638987472022511493e-01
