1.000000000000000056e-01 1.355921257095313026e-01 5.332038653706235726e-02 1.025366791294691771e+00
1.355921257095313026e-01 1.838522455442933856e-01 5.154679546070639606e-02 9.956941430101443613e-01
1.838522455442933856e-01 2.492891678982144810e-01 5.051796455471675718e-02 9.817836187021835581e-01
2.492891678982144810e-01 3.380164819167915113e-01 5.232384383520290866e-02 1.017190838604076442e+00
3.380164819167915113e-01 4.583237330795510434e-01 5.617287206459699311e-02 1.091855088239213067e+00
4.583237330795510434e-01 6.214508923138416518e-01 6.156996376413773064e-02 1.197987294549569759e+00
6.214508923138416518e-01 8.426384751291882136e-01 6.547902496819096863e-02 1.274175730128104700e+00
8.426384751291882136e-01 1.142551420474046342e+00 6.491590484616038825e-02 1.264073785800488015e+00
1.142551420474046342e+00 1.549209758345204913e+00 6.130144284598557786e-02 1.194389990038202010e+00
1.549209758345204913e+00 2.100606443039755522e+00 5.712987362380368694e-02 1.113120526649898023e+00
2.100606443039755522e+00 2.848256928908980079e+00 5.332445386233337914e-02 1.038612270858494169e+00
2.848256928908980079e+00 3.862012115576700655e+00 4.963404172377747225e-02 9.668793760499442280e-01
3.862012115576700655e+00 5.236584322670087666e+00 4.704210851429269091e-02 9.164839673559689315e-01
5.236584322670087666e+00 7.100395997680434945e+00 4.499476086963962590e-02 8.765049201766436093e-01
7.100395997680434945e+00 9.627577867049382121e+00 4.387244012248533304e-02 8.543579058521357794e-01
9.627577867049382121e+00 1.305423748427261188e+01 4.313775207497889258e-02 8.399876390762504030e-01
1.305423748427261188e+01 1.770051810009568172e+01 4.285935798169834138e-02 8.336660573546063047e-01
1.770051810009568172e+01 2.400050875352008006e+01 4.241841841141408970e-02 8.229585609204049801e-01
2.400050875352008006e+01 3.254279999999999973e+01 4.140373472167591801e-02 8.004488258259752076e-01
