1.000000000000000056e-01 1.355921257095313026e-01 6.175298778158956614e-02 1.170736762277167831e+00
1.355921257095313026e-01 1.838522455442933856e-01 5.602774079867599288e-02 1.083588529196948702e+00
1.838522455442933856e-01 2.492891678982144810e-01 5.375970710551276205e-02 1.041916952436173549e+00
2.492891678982144810e-01 3.380164819167915113e-01 5.088685754535994532e-02 9.866972243814278176e-01
3.380164819167915113e-01 4.583237330795510434e-01 5.101287361828062833e-02 9.931465874830572860e-01
4.583237330795510434e-01 6.214508923138416518e-01 5.445188123838648475e-02 1.059873179751572803e+00
6.214508923138416518e-01 8.426384751291882136e-01 5.895919992571942853e-02 1.148682659488458269e+00
8.426384751291882136e-01 1.142551420474046342e+00 6.027906787276595540e-02 1.174334963038786483e+00
1.142551420474046342e+00 1.549209758345204913e+00 5.826401435060597073e-02 1.134987770417328345e+00
1.549209758345204913e+00 2.100606443039755522e+00 5.536706850212678305e-02 1.078880211667256450e+00
2.100606443039755522e+00 2.848256928908980079e+00 5.177614541886801924e-02 1.008795322650954951e+00
2.848256928908980079e+00 3.862012115576700655e+00 4.869806560141133611e-02 9.490052218770766990e-01
3.862012115576700655e+00 5.236584322670087666e+00 4.610010621602596975e-02 8.982917738652757000e-01
5.236584322670087666e+00 7.100395997680434945e+00 4.425948471858882211e-02 8.622441272182932437e-01
7.100395997680434945e+00 9.627577867049382121e+00 4.290868191465064402e-02 8.359259898132574973e-01
9.627577867049382121e+00 1.305423748427261188e+01 4.219030196491067863e-02 8.217997874332689801e-01
1.305423748427261188e+01 1.770051810009568172e+01 4.175239077293346063e-02 8.126780712482658542e-01
1.770051810009568172e+01 2.400050875352008006e+01 4.122667181930977920e-02 8.017566533410737106e-01
2.400050875352008006e+01 3.254279999999999973e+01 3.971756562392898121e-02 7.711500746365571590e-01
