1.000000000000000056e-01 1.355921257095313026e-01 4.704541344040255590e-02 9.154006360997249958e-01
1.355921257095313026e-01 1.838522455442933856e-01 4.643700717852439902e-02 9.042058136565607196e-01
1.838522455442933856e-01 2.492891678982144810e-01 4.578276856985336735e-02 8.905929560103695852e-01
2.492891678982144810e-01 3.380164819167915113e-01 4.536112518333734051e-02 8.832017043043380866e-01
3.380164819167915113e-01 4.583237330795510434e-01 4.552618608177733811e-02 8.869998935348465396e-01
4.583237330795510434e-01 6.214508923138416518e-01 4.691801896022379514e-02 9.141650219126216115e-01
6.214508923138416518e-01 8.426384751291882136e-01 5.299681375906890868e-02 1.032345039709808843e+00
8.426384751291882136e-01 1.142551420474046342e+00 5.858457578198168758e-02 1.141282910527734229e+00
1.142551420474046342e+00 1.549209758345204913e+00 5.846959775914925550e-02 1.139424904692398322e+00
1.549209758345204913e+00 2.100606443039755522e+00 5.550678396462878361e-02 1.081594563950498911e+00
2.100606443039755522e+00 2.848256928908980079e+00 5.217026214880250007e-02 1.016649507599575619e+00
2.848256928908980079e+00 3.862012115576700655e+00 4.833034670923910814e-02 9.419483225004287030e-01
3.862012115576700655e+00 5.236584322670087666e+00 4.593598105225062123e-02 8.952948056380320985e-01
5.236584322670087666e+00 7.100395997680434945e+00 4.390445011431395872e-02 8.556733488479885130e-01
7.100395997680434945e+00 9.627577867049382121e+00 4.264421014901976364e-02 8.310510845431247073e-01
9.627577867049382121e+00 1.305423748427261188e+01 4.195209475761321055e-02 8.174392054947873243e-01
1.305423748427261188e+01 1.770051810009568172e+01 4.188643953295240197e-02 8.161356591699251428e-01
1.770051810009568172e+01 2.400050875352008006e+01 4.150460698854369773e-02 8.083885183435602917e-01
2.400050875352008006e+01 3.254279999999999973e+01 4.057284438679642502e-02 7.888797888517435908e-01
