1.000000000000000056e-01 1.355921257095313026e-01 4.904312170967187884e-02 9.294258848674261664e-01
1.355921257095313026e-01 1.838522455442933856e-01 4.719265981274648608e-02 9.088095090331945736e-01
1.838522455442933856e-01 2.492891678982144810e-01 4.615073898116071188e-02 8.883143984322997566e-01
2.492891678982144810e-01 3.380164819167915113e-01 4.627315129031841362e-02 8.987521339437837264e-01
3.380164819167915113e-01 4.583237330795510434e-01 4.874068015088736661e-02 9.481040209110270789e-01
4.583237330795510434e-01 6.214508923138416518e-01 5.356338007980196436e-02 1.043414304649666224e+00
6.214508923138416518e-01 8.426384751291882136e-01 5.936703762320467981e-02 1.156165765769440190e+00
8.426384751291882136e-01 1.142551420474046342e+00 6.131466233295171375e-02 1.194419645074038749e+00
1.142551420474046342e+00 1.549209758345204913e+00 6.054714487468246947e-02 1.179674812700415520e+00
1.549209758345204913e+00 2.100606443039755522e+00 5.651687611778585807e-02 1.100850488083460421e+00
2.100606443039755522e+00 2.848256928908980079e+00 5.271606125478051075e-02 1.026889952567814124e+00
2.848256928908980079e+00 3.862012115576700655e+00 4.911678840386966838e-02 9.570725157377560910e-01
3.862012115576700655e+00 5.236584322670087666e+00 4.654168595022149107e-02 9.067442724764405160e-01
5.236584322670087666e+00 7.100395997680434945e+00 4.455890492371256811e-02 8.679992169368286881e-01
7.100395997680434945e+00 9.627577867049382121e+00 4.360225102788639617e-02 8.492434788087678266e-01
9.627577867049382121e+00 1.305423748427261188e+01 4.286681766750057715e-02 8.347277893835902685e-01
1.305423748427261188e+01 1.770051810009568172e+01 4.278551076862167901e-02 8.324678674120993271e-01
1.770051810009568172e+01 2.400050875352008006e+01 4.249307224885665729e-02 8.260842988581491575e-01
2.400050875352008006e+01 3.254279999999999973e+01 4.166581181446843418e-02 8.059091171675035747e-01
