1.000000000000000056e-01 1.355921257095313026e-01 5.898476182621800040e-02 1.138855687667757799e+00
1.355921257095313026e-01 1.838522455442933856e-01 5.326043516194096245e-02 1.034333284809100029e+00
1.838522455442933856e-01 2.492891678982144810e-01 4.874657481355650079e-02 9.416562447056620044e-01
2.492891678982144810e-01 3.380164819167915113e-01 4.581941702037861663e-02 8.899752287114426341e-01
3.380164819167915113e-01 4.583237330795510434e-01 4.497614440482140818e-02 8.742506055710189683e-01
4.583237330795510434e-01 6.214508923138416518e-01 4.621861110524542321e-02 8.994766367702594634e-01
6.214508923138416518e-01 8.426384751291882136e-01 4.970526436886155836e-02 9.673555159589108943e-01
8.426384751291882136e-01 1.142551420474046342e+00 5.380123261795707879e-02 1.046881765516177509e+00
1.142551420474046342e+00 1.549209758345204913e+00 5.567940146065387952e-02 1.084213863255363286e+00
1.549209758345204913e+00 2.100606443039755522e+00 5.366671052780989937e-02 1.045629390909903700e+00
2.100606443039755522e+00 2.848256928908980079e+00 5.059588845369428906e-02 9.857057053959228377e-01
2.848256928908980079e+00 3.862012115576700655e+00 4.784205196883880434e-02 9.318822233819151757e-01
3.862012115576700655e+00 5.236584322670087666e+00 4.533345865184180978e-02 8.832342367749977941e-01
5.236584322670087666e+00 7.100395997680434945e+00 4.373384135305535825e-02 8.520081812807531740e-01
7.100395997680434945e+00 9.627577867049382121e+00 4.286604312230821168e-02 8.346879816192843693e-01
9.627577867049382121e+00 1.305423748427261188e+01 4.238921903260246121e-02 8.252118872590584742e-01
1.305423748427261188e+01 1.770051810009568172e+01 4.246308027438960853e-02 8.261889788065770457e-01
1.770051810009568172e+01 2.400050875352008006e+01 4.212365025000111562e-02 8.170749223341559064e-01
2.400050875352008006e+01 3.254279999999999973e+01 4.111491869679646805e-02 7.914388848638942431e-01
