1.000000000000000056e-01 1.355921257095313026e-01 2.831695709433984520e-02 5.480881687394825175e-01
1.355921257095313026e-01 1.838522455442933856e-01 3.017493765401227032e-02 5.861041425685145079e-01
1.838522455442933856e-01 2.492891678982144810e-01 3.251943087888935907e-02 6.323470250682070581e-01
2.492891678982144810e-01 3.380164819167915113e-01 3.503309591502624248e-02 6.809645629371423592e-01
3.380164819167915113e-01 4.583237330795510434e-01 3.848831231294779637e-02 7.487102799426166300e-01
4.583237330795510434e-01 6.214508923138416518e-01 4.357993039491814963e-02 8.481168069157930534e-01
6.214508923138416518e-01 8.426384751291882136e-01 4.960563657287577616e-02 9.661789255537954757e-01
8.426384751291882136e-01 1.142551420474046342e+00 5.597139710017346587e-02 1.090254995833766616e+00
1.142551420474046342e+00 1.549209758345204913e+00 6.028775918549905688e-02 1.174324617717808383e+00
1.549209758345204913e+00 2.100606443039755522e+00 5.910873934110053712e-02 1.151854475494719976e+00
2.100606443039755522e+00 2.848256928908980079e+00 5.483941611717384201e-02 1.068771608444262000e+00
2.848256928908980079e+00 3.862012115576700655e+00 5.000984288972482039e-02 9.746876507827603175e-01
3.862012115576700655e+00 5.236584322670087666e+00 4.636247951481056728e-02 9.035841780807736257e-01
5.236584322670087666e+00 7.100395997680434945e+00 4.385867791504145102e-02 8.547819622594833300e-01
7.100395997680434945e+00 9.627577867049382121e+00 4.245437789196947892e-02 8.272736269706006951e-01
9.627577867049382121e+00 1.305423748427261188e+01 4.149357937477117508e-02 8.083806480793919169e-01
1.305423748427261188e+01 1.770051810009568172e+01 4.100871365972819094e-02 7.986850536039095116e-01
1.770051810009568172e+01 2.400050875352008006e+01 4.028463973870351905e-02 7.838136397542102562e-01
2.400050875352008006e+01 3.254279999999999973e+01 3.880997685219043924e-02 7.521922239481744210e-01
