1.000000000000000056e-01 1.355921257095313026e-01 6.879819227010031124e-02 1.308145788236638074e+00
1.355921257095313026e-01 1.838522455442933856e-01 6.421649969893489240e-02 1.234869805093482320e+00
1.838522455442933856e-01 2.492891678982144810e-01 6.167509127185631657e-02 1.191723573344052545e+00
2.492891678982144810e-01 3.380164819167915113e-01 5.992918097649373860e-02 1.162517354401506608e+00
3.380164819167915113e-01 4.583237330795510434e-01 6.078858324070992442e-02 1.180794801904797575e+00
4.583237330795510434e-01 6.214508923138416518e-01 6.329773721396526887e-02 1.232245108167496328e+00
6.214508923138416518e-01 8.426384751291882136e-01 6.455592364963180785e-02 1.257321913384080059e+00
8.426384751291882136e-01 1.142551420474046342e+00 6.416924707853625953e-02 1.249780641060647124e+00
1.142551420474046342e+00 1.549209758345204913e+00 6.151373439785534636e-02 1.198447599914086892e+00
1.549209758345204913e+00 2.100606443039755522e+00 5.780680154809638566e-02 1.126424839494546415e+00
2.100606443039755522e+00 2.848256928908980079e+00 5.388587985859485258e-02 1.050113644927072709e+00
2.848256928908980079e+00 3.862012115576700655e+00 5.044933021167832127e-02 9.829859959324991348e-01
3.862012115576700655e+00 5.236584322670087666e+00 4.750829631778814843e-02 9.258016657734852162e-01
5.236584322670087666e+00 7.100395997680434945e+00 4.557819217228971376e-02 8.880668426098312640e-01
7.100395997680434945e+00 9.627577867049382121e+00 4.430812773852334241e-02 8.632577978475168834e-01
9.627577867049382121e+00 1.305423748427261188e+01 4.344488766448276196e-02 8.463828435493847557e-01
1.305423748427261188e+01 1.770051810009568172e+01 4.318959900817307546e-02 8.408833281379654023e-01
1.770051810009568172e+01 2.400050875352008006e+01 4.264143411655480637e-02 8.288936104080429912e-01
2.400050875352008006e+01 3.254279999999999973e+01 4.143230607553312350e-02 8.021015269163693784e-01
