1.000000000000000056e-01 1.355921257095313026e-01 4.960284233319219721e-02 9.631168543157471174e-01
1.355921257095313026e-01 1.838522455442933856e-01 5.063710727710276499e-02 9.839117057056230298e-01
1.838522455442933856e-01 2.492891678982144810e-01 5.066744028763033036e-02 9.848553095948786584e-01
2.492891678982144810e-01 3.380164819167915113e-01 5.120206497548233232e-02 9.962699293049125382e-01
3.380164819167915113e-01 4.583237330795510434e-01 5.223358162542966060e-02 1.016967872386706384e+00
4.583237330795510434e-01 6.214508923138416518e-01 5.425699494871212558e-02 1.055800262162420289e+00
6.214508923138416518e-01 8.426384751291882136e-01 5.577998522848094665e-02 1.085860155899019963e+00
8.426384751291882136e-01 1.142551420474046342e+00 5.578559921566381141e-02 1.086619048228981477e+00
1.142551420474046342e+00 1.549209758345204913e+00 5.584577188850489704e-02 1.087901769396532492e+00
1.549209758345204913e+00 2.100606443039755522e+00 5.487606445690090123e-02 1.069064666504225602e+00
2.100606443039755522e+00 2.848256928908980079e+00 5.261425455288398084e-02 1.024996633640602894e+00
2.848256928908980079e+00 3.862012115576700655e+00 4.911918477043739767e-02 9.569180714795564313e-01
3.862012115576700655e+00 5.236584322670087666e+00 4.634194424603949730e-02 9.025962630735104852e-01
5.236584322670087666e+00 7.100395997680434945e+00 4.408321487244001857e-02 8.587116469983750999e-01
7.100395997680434945e+00 9.627577867049382121e+00 4.264833508485356417e-02 8.305927869031340949e-01
9.627577867049382121e+00 1.305423748427261188e+01 4.167209334826844913e-02 8.112771335785005089e-01
1.305423748427261188e+01 1.770051810009568172e+01 4.121947297988173831e-02 8.018462594540006760e-01
1.770051810009568172e+01 2.400050875352008006e+01 4.056660314456059929e-02 7.881085826926089721e-01
2.400050875352008006e+01 3.254279999999999973e+01 3.930362107889482509e-02 7.616357548301299074e-01
