1.000000000000000056e-01 1.355921257095313026e-01 4.218443295864230530e-02 8.137447423998259710e-01
1.355921257095313026e-01 1.838522455442933856e-01 4.237920972220485250e-02 8.213346746229083228e-01
1.838522455442933856e-01 2.492891678982144810e-01 4.335608196318667396e-02 8.379042178370247340e-01
2.492891678982144810e-01 3.380164819167915113e-01 4.497230914587417583e-02 8.741747193993274490e-01
3.380164819167915113e-01 4.583237330795510434e-01 4.786118776452854412e-02 9.313601536656564983e-01
4.583237330795510434e-01 6.214508923138416518e-01 5.366184119391440022e-02 1.045117558642330247e+00
6.214508923138416518e-01 8.426384751291882136e-01 6.068488576436831261e-02 1.182128571587270249e+00
8.426384751291882136e-01 1.142551420474046342e+00 6.224149092087830765e-02 1.212775243912174616e+00
1.142551420474046342e+00 1.549209758345204913e+00 6.162478095233463876e-02 1.201070568378846293e+00
1.549209758345204913e+00 2.100606443039755522e+00 5.797391561186397702e-02 1.129853251656131707e+00
2.100606443039755522e+00 2.848256928908980079e+00 5.383793945958654376e-02 1.049357825505741637e+00
2.848256928908980079e+00 3.862012115576700655e+00 5.047068348711513525e-02 9.837445578800881885e-01
3.862012115576700655e+00 5.236584322670087666e+00 4.701024477985032285e-02 9.163083938476719315e-01
5.236584322670087666e+00 7.100395997680434945e+00 4.463845635117492938e-02 8.700318987545977434e-01
7.100395997680434945e+00 9.627577867049382121e+00 4.315890011824787681e-02 8.411191534609565590e-01
9.627577867049382121e+00 1.305423748427261188e+01 4.214585228232496650e-02 8.212509970260115644e-01
1.305423748427261188e+01 1.770051810009568172e+01 4.158670739207008527e-02 8.102510975448355968e-01
1.770051810009568172e+01 2.400050875352008006e+01 4.099819394415387536e-02 7.984607239187311301e-01
2.400050875352008006e+01 3.254279999999999973e+01 3.961070392702121384e-02 7.706016161388181684e-01
