1.000000000000000056e-01 1.355921257095313026e-01 3.388392783272582004e-02 6.559298987973078976e-01
1.355921257095313026e-01 1.838522455442933856e-01 3.559116867531903622e-02 6.876762581764207516e-01
1.838522455442933856e-01 2.492891678982144810e-01 3.673486782132239642e-02 7.143232711821221326e-01
2.492891678982144810e-01 3.380164819167915113e-01 3.867546383225575063e-02 7.523346149602798683e-01
3.380164819167915113e-01 4.583237330795510434e-01 4.163900979934139629e-02 8.104285281129381957e-01
4.583237330795510434e-01 6.214508923138416518e-01 4.724032389565536311e-02 9.196373694190133063e-01
6.214508923138416518e-01 8.426384751291882136e-01 5.488736282060515531e-02 1.069258589291297801e+00
8.426384751291882136e-01 1.142551420474046342e+00 5.906316301846205319e-02 1.150626928634244317e+00
1.142551420474046342e+00 1.549209758345204913e+00 6.001613546263363796e-02 1.169303307677175052e+00
1.549209758345204913e+00 2.100606443039755522e+00 5.847757860021043919e-02 1.139381393208000803e+00
2.100606443039755522e+00 2.848256928908980079e+00 5.430986911408106077e-02 1.058350006078567329e+00
2.848256928908980079e+00 3.862012115576700655e+00 5.048684580456778981e-02 9.839588624814369355e-01
3.862012115576700655e+00 5.236584322670087666e+00 4.707588743538755616e-02 9.174903428387813920e-01
5.236584322670087666e+00 7.100395997680434945e+00 4.501702540959037074e-02 8.773623983377661917e-01
7.100395997680434945e+00 9.627577867049382121e+00 4.368650620173236687e-02 8.514360995872721771e-01
9.627577867049382121e+00 1.305423748427261188e+01 4.269865452349672075e-02 8.321127395052008158e-01
1.305423748427261188e+01 1.770051810009568172e+01 4.271652057876228897e-02 8.323583760464644543e-01
1.770051810009568172e+01 2.400050875352008006e+01 4.264827949654544786e-02 8.305730817503855778e-01
2.400050875352008006e+01 3.254279999999999973e+01 4.164952170679808025e-02 8.099025045346378571e-01
