1.000000000000000056e-01 1.355921257095313026e-01 4.048011239919498128e-02 7.878016203817599372e-01
1.355921257095313026e-01 1.838522455442933856e-01 4.102008605342190306e-02 7.979401378827436497e-01
1.838522455442933856e-01 2.492891678982144810e-01 4.144548078397600893e-02 8.070874161754965082e-01
2.492891678982144810e-01 3.380164819167915113e-01 4.269520298268700970e-02 8.307031212878586146e-01
3.380164819167915113e-01 4.583237330795510434e-01 4.471673025996313749e-02 8.705639061372743015e-01
4.583237330795510434e-01 6.214508923138416518e-01 4.927966855330505325e-02 9.593556464582837506e-01
6.214508923138416518e-01 8.426384751291882136e-01 5.784314960928644417e-02 1.126653855953803296e+00
8.426384751291882136e-01 1.142551420474046342e+00 6.536231514513994589e-02 1.273423993718967973e+00
1.142551420474046342e+00 1.549209758345204913e+00 6.358344795084625023e-02 1.238663031498264511e+00
1.549209758345204913e+00 2.100606443039755522e+00 5.811019882081860932e-02 1.132411366801017172e+00
2.100606443039755522e+00 2.848256928908980079e+00 5.356227949686945267e-02 1.043805086651900194e+00
2.848256928908980079e+00 3.862012115576700655e+00 4.995310672086229753e-02 9.734716648665757699e-01
3.862012115576700655e+00 5.236584322670087666e+00 4.693811767200718049e-02 9.147079941019753413e-01
5.236584322670087666e+00 7.100395997680434945e+00 4.475038238838969368e-02 8.721041013182263546e-01
7.100395997680434945e+00 9.627577867049382121e+00 4.345099500127762998e-02 8.465752065180662811e-01
9.627577867049382121e+00 1.305423748427261188e+01 4.250372763589323200e-02 8.281030425301461051e-01
1.305423748427261188e+01 1.770051810009568172e+01 4.237720513535051664e-02 8.251957861546316275e-01
1.770051810009568172e+01 2.400050875352008006e+01 4.198034313125475342e-02 8.164570521855752938e-01
2.400050875352008006e+01 3.254279999999999973e+01 4.063989685219334541e-02 7.875210359077614575e-01
