1.000000000000000056e-01 1.355921257095313026e-01 7.260956053718296832e-02 1.409624772674608062e+00
1.355921257095313026e-01 1.838522455442933856e-01 7.370978770465939911e-02 1.435272168904619949e+00
1.838522455442933856e-01 2.492891678982144810e-01 7.439553051166743203e-02 1.447175863562055298e+00
2.492891678982144810e-01 3.380164819167915113e-01 7.186910511134900204e-02 1.399207719452939092e+00
3.380164819167915113e-01 4.583237330795510434e-01 6.172657111100426225e-02 1.198844800486882800e+00
4.583237330795510434e-01 6.214508923138416518e-01 4.751972166975067247e-02 9.222642878734167438e-01
6.214508923138416518e-01 8.426384751291882136e-01 4.303862094036885189e-02 8.372357591209335093e-01
8.426384751291882136e-01 1.142551420474046342e+00 4.808361228809417826e-02 9.364382050643854649e-01
1.142551420474046342e+00 1.549209758345204913e+00 5.263197090482151647e-02 1.025648032457511238e+00
1.549209758345204913e+00 2.100606443039755522e+00 5.365678410172246282e-02 1.045754757547339375e+00
2.100606443039755522e+00 2.848256928908980079e+00 5.199662601900372633e-02 1.013335843650519319e+00
2.848256928908980079e+00 3.862012115576700655e+00 4.945746012757654825e-02 9.638431868267333114e-01
3.862012115576700655e+00 5.236584322670087666e+00 4.614558630799390354e-02 8.993433623270219446e-01
5.236584322670087666e+00 7.100395997680434945e+00 4.406652325222536193e-02 8.587192237037000186e-01
7.100395997680434945e+00 9.627577867049382121e+00 4.264732417668636727e-02 8.311345180963760626e-01
9.627577867049382121e+00 1.305423748427261188e+01 4.177899553592883536e-02 8.140973928375151436e-01
1.305423748427261188e+01 1.770051810009568172e+01 4.144774046454130501e-02 8.075608083952749983e-01
1.770051810009568172e+01 2.400050875352008006e+01 4.089996074771325152e-02 7.963782514214972075e-01
2.400050875352008006e+01 3.254279999999999973e+01 3.924073485159738223e-02 7.624731942396972828e-01
