1.000000000000000056e-01 1.355921257095313026e-01 5.340539307116311252e-02 1.036433791116071923e+00
1.355921257095313026e-01 1.838522455442933856e-01 4.975900346791322509e-02 9.664269518495451905e-01
1.838522455442933856e-01 2.492891678982144810e-01 4.688102471697714463e-02 9.121735833688604522e-01
2.492891678982144810e-01 3.380164819167915113e-01 4.487205871175783956e-02 8.728595336320679188e-01
3.380164819167915113e-01 4.583237330795510434e-01 4.418156699375040686e-02 8.598992246616897761e-01
4.583237330795510434e-01 6.214508923138416518e-01 4.585486327737971907e-02 8.923092048139821264e-01
6.214508923138416518e-01 8.426384751291882136e-01 5.045650693062603276e-02 9.826197841463816252e-01
8.426384751291882136e-01 1.142551420474046342e+00 5.715489621968821571e-02 1.113255862451978162e+00
1.142551420474046342e+00 1.549209758345204913e+00 5.941067781002525722e-02 1.157004077994683078e+00
1.549209758345204913e+00 2.100606443039755522e+00 5.634466850764449641e-02 1.097714570328669703e+00
2.100606443039755522e+00 2.848256928908980079e+00 5.233699718437549026e-02 1.019663017623949175e+00
2.848256928908980079e+00 3.862012115576700655e+00 4.926110453387467364e-02 9.600305790521606042e-01
3.862012115576700655e+00 5.236584322670087666e+00 4.605112240943903118e-02 8.974364923324460452e-01
5.236584322670087666e+00 7.100395997680434945e+00 4.413323083531297403e-02 8.601273315704328626e-01
7.100395997680434945e+00 9.627577867049382121e+00 4.280695921743740695e-02 8.342470310757353902e-01
9.627577867049382121e+00 1.305423748427261188e+01 4.194799020515334320e-02 8.174069684796053670e-01
1.305423748427261188e+01 1.770051810009568172e+01 4.174021129725811324e-02 8.130005923080231289e-01
1.770051810009568172e+01 2.400050875352008006e+01 4.108906718432960015e-02 8.000278277405823424e-01
2.400050875352008006e+01 3.254279999999999973e+01 3.945501204056075378e-02 7.669380533169032343e-01
