1.000000000000000056e-01 1.355921257095313026e-01 3.982383410492398162e-02 7.657650749337873153e-01
1.355921257095313026e-01 1.838522455442933856e-01 3.981576296605761345e-02 7.682152946455370612e-01
1.838522455442933856e-01 2.492891678982144810e-01 4.031225229113600400e-02 7.789247709979454370e-01
2.492891678982144810e-01 3.380164819167915113e-01 4.057244564642198403e-02 7.887031629213698825e-01
3.380164819167915113e-01 4.583237330795510434e-01 4.284770782877616452e-02 8.338824562609498114e-01
4.583237330795510434e-01 6.214508923138416518e-01 4.728777310345497892e-02 9.207883588214034187e-01
6.214508923138416518e-01 8.426384751291882136e-01 5.497717869330670526e-02 1.070880408191674960e+00
8.426384751291882136e-01 1.142551420474046342e+00 5.986192020077764353e-02 1.166226013315809773e+00
1.142551420474046342e+00 1.549209758345204913e+00 6.083993656981456083e-02 1.185661055061396851e+00
1.549209758345204913e+00 2.100606443039755522e+00 5.789879040377484548e-02 1.128350520919915168e+00
2.100606443039755522e+00 2.848256928908980079e+00 5.307560095236055903e-02 1.034491232953778761e+00
2.848256928908980079e+00 3.862012115576700655e+00 4.964739053307615918e-02 9.675643706980009418e-01
3.862012115576700655e+00 5.236584322670087666e+00 4.624296720194435995e-02 9.013575042552435246e-01
5.236584322670087666e+00 7.100395997680434945e+00 4.429387434776133753e-02 8.632823100588586929e-01
7.100395997680434945e+00 9.627577867049382121e+00 4.294793746298215809e-02 8.370544830596486907e-01
9.627577867049382121e+00 1.305423748427261188e+01 4.209190841728637639e-02 8.202869216785272366e-01
1.305423748427261188e+01 1.770051810009568172e+01 4.182982462616763319e-02 8.148640034746156280e-01
1.770051810009568172e+01 2.400050875352008006e+01 4.126213642066097614e-02 8.034986443733941330e-01
2.400050875352008006e+01 3.254279999999999973e+01 3.984702498613417604e-02 7.751860041387736988e-01
