1.000000000000000056e-01 1.355921257095313026e-01 4.523622215614729603e-02 8.680095526477712431e-01
1.355921257095313026e-01 1.838522455442933856e-01 4.661113969197227397e-02 8.981246827366820007e-01
1.838522455442933856e-01 2.492891678982144810e-01 4.764701156650917591e-02 9.226224336120580904e-01
2.492891678982144810e-01 3.380164819167915113e-01 4.977246089194495987e-02 9.640177946027236322e-01
3.380164819167915113e-01 4.583237330795510434e-01 5.256496374247698888e-02 1.022150774287462260e+00
4.583237330795510434e-01 6.214508923138416518e-01 5.916627690048812532e-02 1.151276840629408493e+00
6.214508923138416518e-01 8.426384751291882136e-01 6.752187091762940074e-02 1.315548436557567591e+00
8.426384751291882136e-01 1.142551420474046342e+00 6.891038330326142158e-02 1.342597139707017329e+00
1.142551420474046342e+00 1.549209758345204913e+00 6.460595332178804828e-02 1.258773052259482883e+00
1.549209758345204913e+00 2.100606443039755522e+00 5.964140922029391445e-02 1.162284766796229274e+00
2.100606443039755522e+00 2.848256928908980079e+00 5.540947627093754241e-02 1.079912031408208017e+00
2.848256928908980079e+00 3.862012115576700655e+00 5.165621775467007376e-02 1.006806065378151205e+00
3.862012115576700655e+00 5.236584322670087666e+00 4.814630260566463843e-02 9.383343374650288116e-01
5.236584322670087666e+00 7.100395997680434945e+00 4.578027250486584043e-02 8.921437531567918411e-01
7.100395997680434945e+00 9.627577867049382121e+00 4.408606357344644483e-02 8.590535052032279850e-01
9.627577867049382121e+00 1.305423748427261188e+01 4.287775794886012487e-02 8.353006901378451365e-01
1.305423748427261188e+01 1.770051810009568172e+01 4.245661615585558102e-02 8.266561793073453623e-01
1.770051810009568172e+01 2.400050875352008006e+01 4.182177296484933943e-02 8.134336370644427161e-01
2.400050875352008006e+01 3.254279999999999973e+01 4.043252251560256610e-02 7.842153035770165204e-01
