1.000000000000000056e-01 1.355921257095313026e-01 6.142958393806056960e-02 1.184600400792014563e+00
1.355921257095313026e-01 1.838522455442933856e-01 5.763406759985795907e-02 1.116126538378764854e+00
1.838522455442933856e-01 2.492891678982144810e-01 5.538248427830678305e-02 1.075153759292416966e+00
2.492891678982144810e-01 3.380164819167915113e-01 5.394793890691249039e-02 1.045726326893824165e+00
3.380164819167915113e-01 4.583237330795510434e-01 5.386536223664929735e-02 1.046042846497342582e+00
4.583237330795510434e-01 6.214508923138416518e-01 5.666916397064357402e-02 1.102831156978302918e+00
6.214508923138416518e-01 8.426384751291882136e-01 6.066343913326915221e-02 1.181243533246119526e+00
8.426384751291882136e-01 1.142551420474046342e+00 6.114566412857427857e-02 1.191206620473811428e+00
1.142551420474046342e+00 1.549209758345204913e+00 5.958966153912085423e-02 1.161215129694956438e+00
1.549209758345204913e+00 2.100606443039755522e+00 5.725252587727568121e-02 1.115883249705277525e+00
2.100606443039755522e+00 2.848256928908980079e+00 5.413107891373319241e-02 1.055094583144064790e+00
2.848256928908980079e+00 3.862012115576700655e+00 5.080921326864864390e-02 9.903765662264880643e-01
3.862012115576700655e+00 5.236584322670087666e+00 4.770785129222827187e-02 9.299060552063688201e-01
5.236584322670087666e+00 7.100395997680434945e+00 4.526270811961442819e-02 8.822295773620721926e-01
7.100395997680434945e+00 9.627577867049382121e+00 4.368051382923556630e-02 8.513782293730627337e-01
9.627577867049382121e+00 1.305423748427261188e+01 4.225877803887146539e-02 8.236482748562309331e-01
1.305423748427261188e+01 1.770051810009568172e+01 4.181454807743999885e-02 8.149115294516332542e-01
1.770051810009568172e+01 2.400050875352008006e+01 4.112018612975937293e-02 8.012816569846417103e-01
2.400050875352008006e+01 3.254279999999999973e+01 3.949279645204051281e-02 7.693793478896864269e-01
