1.000000000000000056e-01 1.355921257095313026e-01 4.081834489093151552e-02 7.797607125948016193e-01
1.355921257095313026e-01 1.838522455442933856e-01 3.924775836196672113e-02 7.529125357160785237e-01
1.838522455442933856e-01 2.492891678982144810e-01 3.836231149442351912e-02 7.455631078246677257e-01
2.492891678982144810e-01 3.380164819167915113e-01 3.870696658741660384e-02 7.507426996997519364e-01
3.380164819167915113e-01 4.583237330795510434e-01 4.008647726446491061e-02 7.795569285857942843e-01
4.583237330795510434e-01 6.214508923138416518e-01 4.398534204904776951e-02 8.562985219027973161e-01
6.214508923138416518e-01 8.426384751291882136e-01 5.154728524550971497e-02 1.004118844165158286e+00
8.426384751291882136e-01 1.142551420474046342e+00 5.633562632340621129e-02 1.097633342067573237e+00
1.142551420474046342e+00 1.549209758345204913e+00 5.940459536376387073e-02 1.157463800103070595e+00
1.549209758345204913e+00 2.100606443039755522e+00 5.707351024282816127e-02 1.112334812620483948e+00
2.100606443039755522e+00 2.848256928908980079e+00 5.243713649743014099e-02 1.021958028585008282e+00
2.848256928908980079e+00 3.862012115576700655e+00 4.896472816407143602e-02 9.544369987942707967e-01
3.862012115576700655e+00 5.236584322670087666e+00 4.590991421285215562e-02 8.948182997275053729e-01
5.236584322670087666e+00 7.100395997680434945e+00 4.406921190918796499e-02 8.589254056482805710e-01
7.100395997680434945e+00 9.627577867049382121e+00 4.300259909457399693e-02 8.380941994049683208e-01
9.627577867049382121e+00 1.305423748427261188e+01 4.229122890262463491e-02 8.242021079965484720e-01
1.305423748427261188e+01 1.770051810009568172e+01 4.223996158990307725e-02 8.229490926688739494e-01
1.770051810009568172e+01 2.400050875352008006e+01 4.197501114186086291e-02 8.173187475912634392e-01
2.400050875352008006e+01 3.254279999999999973e+01 4.124550375243055816e-02 8.015333182505854914e-01
