1.000000000000000056e-01 1.355921257095313026e-01 5.590928915524205622e-02 1.088161007540864977e+00
1.355921257095313026e-01 1.838522455442933856e-01 5.406315562868943547e-02 1.051918170286420429e+00
1.838522455442933856e-01 2.492891678982144810e-01 5.217042532674728839e-02 1.014865424925224024e+00
2.492891678982144810e-01 3.380164819167915113e-01 5.072065997097215811e-02 9.859993631184951202e-01
3.380164819167915113e-01 4.583237330795510434e-01 4.991011717435256401e-02 9.716203293848851841e-01
4.583237330795510434e-01 6.214508923138416518e-01 4.974791808799079035e-02 9.683904142057961906e-01
6.214508923138416518e-01 8.426384751291882136e-01 5.103799001503766392e-02 9.938571149765369483e-01
8.426384751291882136e-01 1.142551420474046342e+00 5.544423702411357957e-02 1.080037498860223266e+00
1.142551420474046342e+00 1.549209758345204913e+00 5.714335717382303115e-02 1.113504182410507637e+00
1.549209758345204913e+00 2.100606443039755522e+00 5.549923111738117726e-02 1.081706406737618975e+00
2.100606443039755522e+00 2.848256928908980079e+00 5.252830540176037927e-02 1.023423813794317461e+00
2.848256928908980079e+00 3.862012115576700655e+00 4.956068077314569609e-02 9.657509672070673235e-01
3.862012115576700655e+00 5.236584322670087666e+00 4.646141966256270295e-02 9.052906225786316874e-01
5.236584322670087666e+00 7.100395997680434945e+00 4.439234114213019139e-02 8.649521258206611662e-01
7.100395997680434945e+00 9.627577867049382121e+00 4.299503832561316075e-02 8.377612472915830777e-01
9.627577867049382121e+00 1.305423748427261188e+01 4.223584811714940768e-02 8.226333639230780648e-01
1.305423748427261188e+01 1.770051810009568172e+01 4.184149183047217169e-02 8.143549667553454663e-01
1.770051810009568172e+01 2.400050875352008006e+01 4.141025269544042209e-02 8.045370974475422043e-01
2.400050875352008006e+01 3.254279999999999973e+01 3.985765382543125790e-02 7.710613900127104570e-01
