1.000000000000000056e-01 1.355921257095313026e-01 4.791303775254854985e-02 9.295775951781078961e-01
1.355921257095313026e-01 1.838522455442933856e-01 4.491689262768870650e-02 8.721480034345195920e-01
1.838522455442933856e-01 2.492891678982144810e-01 4.350394567294332132e-02 8.444658850536490569e-01
2.492891678982144810e-01 3.380164819167915113e-01 4.325842049031710518e-02 8.409839751435406185e-01
3.380164819167915113e-01 4.583237330795510434e-01 4.532494507590538457e-02 8.815238996859822151e-01
4.583237330795510434e-01 6.214508923138416518e-01 5.111888911938618912e-02 9.951182218299471360e-01
6.214508923138416518e-01 8.426384751291882136e-01 6.139495220072391235e-02 1.194615080861075151e+00
8.426384751291882136e-01 1.142551420474046342e+00 6.867072147515393410e-02 1.337509300000439882e+00
1.142551420474046342e+00 1.549209758345204913e+00 6.523446334713564609e-02 1.271205357435978067e+00
1.549209758345204913e+00 2.100606443039755522e+00 5.908668511142706192e-02 1.151262483594546637e+00
2.100606443039755522e+00 2.848256928908980079e+00 5.444702474967444417e-02 1.061117872416501129e+00
2.848256928908980079e+00 3.862012115576700655e+00 5.077508053013032874e-02 9.894105757761726405e-01
3.862012115576700655e+00 5.236584322670087666e+00 4.781118020777551381e-02 9.315518585569546595e-01
5.236584322670087666e+00 7.100395997680434945e+00 4.547909386482384270e-02 8.861333459448119676e-01
7.100395997680434945e+00 9.627577867049382121e+00 4.397286437454747676e-02 8.563067577151104448e-01
9.627577867049382121e+00 1.305423748427261188e+01 4.287423561756976281e-02 8.347691259921700135e-01
1.305423748427261188e+01 1.770051810009568172e+01 4.234630866120830950e-02 8.238565155386707861e-01
1.770051810009568172e+01 2.400050875352008006e+01 4.149999722146169995e-02 8.061230653970118398e-01
2.400050875352008006e+01 3.254279999999999973e+01 3.995014705749159317e-02 7.750375669022332437e-01
