1.000000000000000056e-01 1.355921257095313026e-01 9.017209259573992497e-02 1.748810476363924060e+00
1.355921257095313026e-01 1.838522455442933856e-01 8.460968338184557402e-02 1.645436510674388453e+00
1.838522455442933856e-01 2.492891678982144810e-01 7.802171031003574120e-02 1.515737059673462506e+00
2.492891678982144810e-01 3.380164819167915113e-01 7.100387159888242594e-02 1.378987227848931463e+00
3.380164819167915113e-01 4.583237330795510434e-01 6.183460453248144223e-02 1.201916487793251997e+00
4.583237330795510434e-01 6.214508923138416518e-01 5.144163186250179376e-02 9.991987760177765132e-01
6.214508923138416518e-01 8.426384751291882136e-01 4.569419357375573143e-02 8.890328918629869515e-01
8.426384751291882136e-01 1.142551420474046342e+00 4.555200198204097800e-02 8.871866899516887006e-01
1.142551420474046342e+00 1.549209758345204913e+00 4.845639084876930680e-02 9.444201369768446819e-01
1.549209758345204913e+00 2.100606443039755522e+00 5.111848856393295254e-02 9.961635715666669055e-01
2.100606443039755522e+00 2.848256928908980079e+00 5.083799996977571289e-02 9.908223671966454038e-01
2.848256928908980079e+00 3.862012115576700655e+00 4.888540961717093708e-02 9.527525208059667294e-01
3.862012115576700655e+00 5.236584322670087666e+00 4.618180710423192697e-02 9.000729311717377001e-01
5.236584322670087666e+00 7.100395997680434945e+00 4.404772305882227734e-02 8.585013705659180205e-01
7.100395997680434945e+00 9.627577867049382121e+00 4.281172591075506351e-02 8.343305178669788713e-01
9.627577867049382121e+00 1.305423748427261188e+01 4.191392873568882543e-02 8.166553104275042774e-01
1.305423748427261188e+01 1.770051810009568172e+01 4.164774007049067139e-02 8.112710388794187599e-01
1.770051810009568172e+01 2.400050875352008006e+01 4.123872919285986177e-02 8.029495216722897233e-01
2.400050875352008006e+01 3.254279999999999973e+01 3.971888026866251392e-02 7.721798388016488657e-01
