1.000000000000000056e-01 1.355921257095313026e-01 7.601828024842142983e-02 1.453589742684239239e+00
1.355921257095313026e-01 1.838522455442933856e-01 6.971547437288781734e-02 1.343065651140028738e+00
1.838522455442933856e-01 2.492891678982144810e-01 6.576861546064466379e-02 1.257829267150276653e+00
2.492891678982144810e-01 3.380164819167915113e-01 6.175166641309481202e-02 1.193908344273614475e+00
3.380164819167915113e-01 4.583237330795510434e-01 6.134746823751636990e-02 1.189059452458093968e+00
4.583237330795510434e-01 6.214508923138416518e-01 6.310722996129422557e-02 1.227181697201103150e+00
6.214508923138416518e-01 8.426384751291882136e-01 6.336487067634562209e-02 1.233123425180771893e+00
8.426384751291882136e-01 1.142551420474046342e+00 6.289333525016088666e-02 1.225173700193521231e+00
1.142551420474046342e+00 1.549209758345204913e+00 6.123072759545462873e-02 1.193135373805672916e+00
1.549209758345204913e+00 2.100606443039755522e+00 5.791762840418627351e-02 1.128396358582038905e+00
2.100606443039755522e+00 2.848256928908980079e+00 5.410435215658741109e-02 1.054144067195238677e+00
2.848256928908980079e+00 3.862012115576700655e+00 5.062680231398818814e-02 9.863762179023044530e-01
3.862012115576700655e+00 5.236584322670087666e+00 4.774496145966610622e-02 9.301003070087060509e-01
5.236584322670087666e+00 7.100395997680434945e+00 4.552543067945481747e-02 8.868518036865447041e-01
7.100395997680434945e+00 9.627577867049382121e+00 4.410328198151262230e-02 8.588426859114871581e-01
9.627577867049382121e+00 1.305423748427261188e+01 4.310597457770110053e-02 8.392793985560745851e-01
1.305423748427261188e+01 1.770051810009568172e+01 4.259031447312250362e-02 8.284892133349931465e-01
1.770051810009568172e+01 2.400050875352008006e+01 4.184964555101010342e-02 8.132244661019828458e-01
2.400050875352008006e+01 3.254279999999999973e+01 4.047097648799374836e-02 7.848817818583210260e-01
