1.000000000000000056e-01 1.355921257095313026e-01 4.396103330666046444e-02 8.508320129553720301e-01
1.355921257095313026e-01 1.838522455442933856e-01 4.215829438209384855e-02 8.195924174470183843e-01
1.838522455442933856e-01 2.492891678982144810e-01 4.101762599254638042e-02 7.962049128515370500e-01
2.492891678982144810e-01 3.380164819167915113e-01 4.090076055516417286e-02 7.957234305368404703e-01
3.380164819167915113e-01 4.583237330795510434e-01 4.189670464729917249e-02 8.151986521209610981e-01
4.583237330795510434e-01 6.214508923138416518e-01 4.550931270167495046e-02 8.854248444888221936e-01
6.214508923138416518e-01 8.426384751291882136e-01 5.344730570636458539e-02 1.040429583055237694e+00
8.426384751291882136e-01 1.142551420474046342e+00 6.249529092928998719e-02 1.217230949736574974e+00
1.142551420474046342e+00 1.549209758345204913e+00 6.279808777177391110e-02 1.223523586212184711e+00
1.549209758345204913e+00 2.100606443039755522e+00 5.785931332620931900e-02 1.127472279756129625e+00
2.100606443039755522e+00 2.848256928908980079e+00 5.310823859803787128e-02 1.034628529652962703e+00
2.848256928908980079e+00 3.862012115576700655e+00 4.954947053419525571e-02 9.652798930368150510e-01
3.862012115576700655e+00 5.236584322670087666e+00 4.658250494761304733e-02 9.074726142287825592e-01
5.236584322670087666e+00 7.100395997680434945e+00 4.436915224701955957e-02 8.643886544330511290e-01
7.100395997680434945e+00 9.627577867049382121e+00 4.301998278149521404e-02 8.378344995300938125e-01
9.627577867049382121e+00 1.305423748427261188e+01 4.205092249197359133e-02 8.187411491986030798e-01
1.305423748427261188e+01 1.770051810009568172e+01 4.180770787673752237e-02 8.137108253184013318e-01
1.770051810009568172e+01 2.400050875352008006e+01 4.146544815830218583e-02 8.061601748129229028e-01
2.400050875352008006e+01 3.254279999999999973e+01 4.000851678714929111e-02 7.753373187904968322e-01
