1.000000000000000056e-01 1.355921257095313026e-01 6.611572772216151028e-02 1.262961939969171610e+00
1.355921257095313026e-01 1.838522455442933856e-01 6.411621278515487743e-02 1.240541634967050388e+00
1.838522455442933856e-01 2.492891678982144810e-01 6.164012638965513796e-02 1.198483263806259247e+00
2.492891678982144810e-01 3.380164819167915113e-01 6.014622093696550542e-02 1.170136562983686179e+00
3.380164819167915113e-01 4.583237330795510434e-01 5.923987810935275877e-02 1.152227471242138979e+00
4.583237330795510434e-01 6.214508923138416518e-01 6.005251449962707017e-02 1.168986108382566114e+00
6.214508923138416518e-01 8.426384751291882136e-01 5.898806718535935800e-02 1.148642000694144905e+00
8.426384751291882136e-01 1.142551420474046342e+00 5.706134710241351354e-02 1.111670306589174873e+00
1.142551420474046342e+00 1.549209758345204913e+00 5.682844643953870178e-02 1.106707524778956619e+00
1.549209758345204913e+00 2.100606443039755522e+00 5.528201298531969232e-02 1.076924960020035238e+00
2.100606443039755522e+00 2.848256928908980079e+00 5.176093622039190656e-02 1.008421224373422742e+00
2.848256928908980079e+00 3.862012115576700655e+00 4.864369255746128773e-02 9.477517498751454328e-01
3.862012115576700655e+00 5.236584322670087666e+00 4.617811638405506375e-02 8.997322143590598120e-01
5.236584322670087666e+00 7.100395997680434945e+00 4.454899125121482978e-02 8.675086927003805570e-01
7.100395997680434945e+00 9.627577867049382121e+00 4.337050757494086833e-02 8.444337733758557896e-01
9.627577867049382121e+00 1.305423748427261188e+01 4.272967606100727678e-02 8.313958311686461267e-01
1.305423748427261188e+01 1.770051810009568172e+01 4.244101997963818651e-02 8.252051355199865323e-01
1.770051810009568172e+01 2.400050875352008006e+01 4.191341850944941411e-02 8.142213136437791432e-01
2.400050875352008006e+01 3.254279999999999973e+01 4.061353820571985546e-02 7.852321103852447637e-01
