1.000000000000000056e-01 1.355921257095313026e-01 4.377889723947658157e-02 8.495301662098049267e-01
1.355921257095313026e-01 1.838522455442933856e-01 4.174835867443494469e-02 8.118549912811142688e-01
1.838522455442933856e-01 2.492891678982144810e-01 4.057823381157802528e-02 7.874603823453191209e-01
2.492891678982144810e-01 3.380164819167915113e-01 4.011002057825473893e-02 7.798517960673559957e-01
3.380164819167915113e-01 4.583237330795510434e-01 4.180197818666493703e-02 8.131521499699233546e-01
4.583237330795510434e-01 6.214508923138416518e-01 4.665806607866435779e-02 9.086867886066640754e-01
6.214508923138416518e-01 8.426384751291882136e-01 5.620450766572569062e-02 1.095219876836079687e+00
8.426384751291882136e-01 1.142551420474046342e+00 6.286039853337087313e-02 1.224924081043974100e+00
1.142551420474046342e+00 1.549209758345204913e+00 6.249506213750465056e-02 1.217937861819775147e+00
1.549209758345204913e+00 2.100606443039755522e+00 5.952988176925042701e-02 1.160030233238911190e+00
2.100606443039755522e+00 2.848256928908980079e+00 5.511386366599198283e-02 1.074150639792200046e+00
2.848256928908980079e+00 3.862012115576700655e+00 5.133128451267653103e-02 1.000486096330295505e+00
3.862012115576700655e+00 5.236584322670087666e+00 4.737723664503903226e-02 9.234698605483154799e-01
5.236584322670087666e+00 7.100395997680434945e+00 4.488687960952605915e-02 8.748851302713711586e-01
7.100395997680434945e+00 9.627577867049382121e+00 4.308377084177187483e-02 8.396969596822203563e-01
9.627577867049382121e+00 1.305423748427261188e+01 4.176537549614573602e-02 8.139418255614169206e-01
1.305423748427261188e+01 1.770051810009568172e+01 4.130908018198690967e-02 8.050476740275414045e-01
1.770051810009568172e+01 2.400050875352008006e+01 4.073681893067931936e-02 7.936572066497119549e-01
2.400050875352008006e+01 3.254279999999999973e+01 3.893250230742727191e-02 7.580220702098653396e-01
