1.000000000000000056e-01 1.355921257095313026e-01 5.643297807966723284e-02 1.093266136474560390e+00
1.355921257095313026e-01 1.838522455442933856e-01 5.404700656364566647e-02 1.050405949414797036e+00
1.838522455442933856e-01 2.492891678982144810e-01 5.210255479062000233e-02 1.010318815213586463e+00
2.492891678982144810e-01 3.380164819167915113e-01 5.123522798076830115e-02 9.967520024145600788e-01
3.380164819167915113e-01 4.583237330795510434e-01 5.183774489406511865e-02 1.007163338709842648e+00
4.583237330795510434e-01 6.214508923138416518e-01 5.543775105216106058e-02 1.078875607088361388e+00
6.214508923138416518e-01 8.426384751291882136e-01 5.993229123259213170e-02 1.166585810892545094e+00
8.426384751291882136e-01 1.142551420474046342e+00 6.195523737147142634e-02 1.206977170459692328e+00
1.142551420474046342e+00 1.549209758345204913e+00 6.084582773717178705e-02 1.185631766607090576e+00
1.549209758345204913e+00 2.100606443039755522e+00 5.778358028434531918e-02 1.126139907532566653e+00
2.100606443039755522e+00 2.848256928908980079e+00 5.391083399406261523e-02 1.050607274298729577e+00
2.848256928908980079e+00 3.862012115576700655e+00 5.057114618223845087e-02 9.856174880853655340e-01
3.862012115576700655e+00 5.236584322670087666e+00 4.731968682914948487e-02 9.222623165620397190e-01
5.236584322670087666e+00 7.100395997680434945e+00 4.489172584575933100e-02 8.747724227662124763e-01
7.100395997680434945e+00 9.627577867049382121e+00 4.339111931800291450e-02 8.454324364265805025e-01
9.627577867049382121e+00 1.305423748427261188e+01 4.225990527238213806e-02 8.232180877342726300e-01
1.305423748427261188e+01 1.770051810009568172e+01 4.177757900780919298e-02 8.135059974207803357e-01
1.770051810009568172e+01 2.400050875352008006e+01 4.098048129069874201e-02 7.977431148254621185e-01
2.400050875352008006e+01 3.254279999999999973e+01 3.941726774148075763e-02 7.652555102112319485e-01
