1.000000000000000056e-01 1.355921257095313026e-01 3.652575659905017702e-02 7.093017754322740176e-01
1.355921257095313026e-01 1.838522455442933856e-01 3.649894015067993436e-02 7.091889196625285052e-01
1.838522455442933856e-01 2.492891678982144810e-01 3.640524875806010197e-02 7.087550808442238948e-01
2.492891678982144810e-01 3.380164819167915113e-01 3.713470918791859920e-02 7.230493506038998541e-01
3.380164819167915113e-01 4.583237330795510434e-01 3.881459345015256940e-02 7.556972358624441943e-01
4.583237330795510434e-01 6.214508923138416518e-01 4.279236417919259766e-02 8.329076751002257861e-01
6.214508923138416518e-01 8.426384751291882136e-01 5.070396134611050709e-02 9.877803145553156750e-01
8.426384751291882136e-01 1.142551420474046342e+00 6.171078096526069062e-02 1.202181943882354664e+00
1.142551420474046342e+00 1.549209758345204913e+00 6.510651016289002724e-02 1.268198008431522306e+00
1.549209758345204913e+00 2.100606443039755522e+00 5.951230030824869455e-02 1.159500031622782812e+00
2.100606443039755522e+00 2.848256928908980079e+00 5.290597995334211934e-02 1.030830716897705113e+00
2.848256928908980079e+00 3.862012115576700655e+00 4.879470023971759635e-02 9.506706701287636063e-01
3.862012115576700655e+00 5.236584322670087666e+00 4.605995240036413196e-02 8.973793527772467860e-01
5.236584322670087666e+00 7.100395997680434945e+00 4.432189942971410251e-02 8.632289070344973947e-01
7.100395997680434945e+00 9.627577867049382121e+00 4.298005823216789756e-02 8.369999539280084111e-01
9.627577867049382121e+00 1.305423748427261188e+01 4.224049127628117656e-02 8.221034632084279759e-01
1.305423748427261188e+01 1.770051810009568172e+01 4.185209447632261964e-02 8.143347459239900221e-01
1.770051810009568172e+01 2.400050875352008006e+01 4.118099881317073552e-02 8.009102232802696175e-01
2.400050875352008006e+01 3.254279999999999973e+01 3.969941806997146633e-02 7.703010087967275821e-01
