1.000000000000000056e-01 1.355921257095313026e-01 4.637956731386920495e-02 8.927668765441855170e-01
1.355921257095313026e-01 1.838522455442933856e-01 4.315008355203855950e-02 8.343520510226184461e-01
1.838522455442933856e-01 2.492891678982144810e-01 4.137468424415306767e-02 7.978968735297869985e-01
2.492891678982144810e-01 3.380164819167915113e-01 4.062513424092454445e-02 7.873689769564807817e-01
3.380164819167915113e-01 4.583237330795510434e-01 4.184143281765675265e-02 8.126878149341334456e-01
4.583237330795510434e-01 6.214508923138416518e-01 4.594798591653500436e-02 8.940266930872993179e-01
6.214508923138416518e-01 8.426384751291882136e-01 5.385307731108308210e-02 1.049042760860003698e+00
8.426384751291882136e-01 1.142551420474046342e+00 5.861599090502059989e-02 1.141595041310454750e+00
1.142551420474046342e+00 1.549209758345204913e+00 5.971441702912200916e-02 1.163433724160702676e+00
1.549209758345204913e+00 2.100606443039755522e+00 5.761739928003822842e-02 1.122629466243382002e+00
2.100606443039755522e+00 2.848256928908980079e+00 5.370431973416523591e-02 1.046446219992319016e+00
2.848256928908980079e+00 3.862012115576700655e+00 5.004320930855436084e-02 9.753152033387472164e-01
3.862012115576700655e+00 5.236584322670087666e+00 4.682181412403198240e-02 9.124426607652749155e-01
5.236584322670087666e+00 7.100395997680434945e+00 4.457134886584469130e-02 8.686382162919579208e-01
7.100395997680434945e+00 9.627577867049382121e+00 4.327761102039873187e-02 8.433413113513867909e-01
9.627577867049382121e+00 1.305423748427261188e+01 4.227247000312065600e-02 8.237351154772839523e-01
1.305423748427261188e+01 1.770051810009568172e+01 4.196208387769862630e-02 8.175328844658236171e-01
1.770051810009568172e+01 2.400050875352008006e+01 4.168397408063445608e-02 8.114971014561532803e-01
2.400050875352008006e+01 3.254279999999999973e+01 4.028887696404178514e-02 7.824031507894885218e-01
