1.000000000000000056e-01 1.355921257095313026e-01 5.494660840357110804e-02 1.062096050582658435e+00
1.355921257095313026e-01 1.838522455442933856e-01 5.236960718187541608e-02 1.015752351045238422e+00
1.838522455442933856e-01 2.492891678982144810e-01 5.050135084084860643e-02 9.787193792905550804e-01
2.492891678982144810e-01 3.380164819167915113e-01 4.987167745828459398e-02 9.679191492962709864e-01
3.380164819167915113e-01 4.583237330795510434e-01 5.238968808220960394e-02 1.019781341357512527e+00
4.583237330795510434e-01 6.214508923138416518e-01 5.816552647085935362e-02 1.132497818836517123e+00
6.214508923138416518e-01 8.426384751291882136e-01 6.368970956357820901e-02 1.240157334715044524e+00
8.426384751291882136e-01 1.142551420474046342e+00 6.647285777012999775e-02 1.294532470683418923e+00
1.142551420474046342e+00 1.549209758345204913e+00 6.394314770431973327e-02 1.246039096805740654e+00
1.549209758345204913e+00 2.100606443039755522e+00 5.908972338626031218e-02 1.151291728644888046e+00
2.100606443039755522e+00 2.848256928908980079e+00 5.480585931976687114e-02 1.067860484396653931e+00
2.848256928908980079e+00 3.862012115576700655e+00 5.096210298398878152e-02 9.929531735091048361e-01
3.862012115576700655e+00 5.236584322670087666e+00 4.781552185464450072e-02 9.314684892404473393e-01
5.236584322670087666e+00 7.100395997680434945e+00 4.546550148326474611e-02 8.856011423636550584e-01
7.100395997680434945e+00 9.627577867049382121e+00 4.387999207521528500e-02 8.546377598234162765e-01
9.627577867049382121e+00 1.305423748427261188e+01 4.271925925832537746e-02 8.320213167622336758e-01
1.305423748427261188e+01 1.770051810009568172e+01 4.211812190209555939e-02 8.195544591206563867e-01
1.770051810009568172e+01 2.400050875352008006e+01 4.123931998247616637e-02 8.017006824083069416e-01
2.400050875352008006e+01 3.254279999999999973e+01 3.975521685198855903e-02 7.711207170749994066e-01
