1.000000000000000056e-01 1.355921257095313026e-01 6.568910762002545811e-02 1.277929740035005590e+00
1.355921257095313026e-01 1.838522455442933856e-01 6.325587573333715796e-02 1.230720189071871529e+00
1.838522455442933856e-01 2.492891678982144810e-01 6.024558780162542204e-02 1.171037474435451919e+00
2.492891678982144810e-01 3.380164819167915113e-01 5.691672294124143494e-02 1.107385253721741014e+00
3.380164819167915113e-01 4.583237330795510434e-01 5.312625654618184645e-02 1.034284957842456887e+00
4.583237330795510434e-01 6.214508923138416518e-01 4.869564395558075715e-02 9.479880041159218784e-01
6.214508923138416518e-01 8.426384751291882136e-01 4.709973005075705765e-02 9.171405264311449645e-01
8.426384751291882136e-01 1.142551420474046342e+00 5.046041159844569940e-02 9.830805625742917719e-01
1.142551420474046342e+00 1.549209758345204913e+00 5.311705847714961320e-02 1.035140581199340382e+00
1.549209758345204913e+00 2.100606443039755522e+00 5.345050481544703219e-02 1.041767370809032700e+00
2.100606443039755522e+00 2.848256928908980079e+00 5.155397095119571699e-02 1.004715702246161246e+00
2.848256928908980079e+00 3.862012115576700655e+00 4.892273219109215948e-02 9.534556836469804120e-01
3.862012115576700655e+00 5.236584322670087666e+00 4.638623194902821711e-02 9.038815145507497206e-01
5.236584322670087666e+00 7.100395997680434945e+00 4.439630740162263389e-02 8.651459351771808581e-01
7.100395997680434945e+00 9.627577867049382121e+00 4.327917716523489722e-02 8.434191739809658861e-01
9.627577867049382121e+00 1.305423748427261188e+01 4.255469214502433095e-02 8.291382473079574877e-01
1.305423748427261188e+01 1.770051810009568172e+01 4.246472283419761018e-02 8.272258793060184301e-01
1.770051810009568172e+01 2.400050875352008006e+01 4.231972805782130420e-02 8.237654984838034267e-01
2.400050875352008006e+01 3.254279999999999973e+01 4.085072994452009637e-02 7.920005865512671495e-01
