1.000000000000000056e-01 1.355921257095313026e-01 7.360908032506419119e-02 1.432775263883302230e+00
1.355921257095313026e-01 1.838522455442933856e-01 6.775468966630890377e-02 1.319333489826156391e+00
1.838522455442933856e-01 2.492891678982144810e-01 6.174730694968216110e-02 1.201605086908992703e+00
2.492891678982144810e-01 3.380164819167915113e-01 5.451663098181072642e-02 1.060935207799810875e+00
3.380164819167915113e-01 4.583237330795510434e-01 4.326106887518305771e-02 8.424532557737002270e-01
4.583237330795510434e-01 6.214508923138416518e-01 3.063250065041426412e-02 5.959750477188942019e-01
6.214508923138416518e-01 8.426384751291882136e-01 3.355243916663747106e-02 6.528004882689262267e-01
8.426384751291882136e-01 1.142551420474046342e+00 4.834629211943194949e-02 9.416328115160861323e-01
1.142551420474046342e+00 1.549209758345204913e+00 5.637469402436470767e-02 1.098488709564187538e+00
1.549209758345204913e+00 2.100606443039755522e+00 5.590106243219605114e-02 1.089291946630390306e+00
2.100606443039755522e+00 2.848256928908980079e+00 5.303249042496052668e-02 1.033449348901081422e+00
2.848256928908980079e+00 3.862012115576700655e+00 4.997941119908108631e-02 9.739843748562743153e-01
3.862012115576700655e+00 5.236584322670087666e+00 4.700071179781856873e-02 9.159153639551848025e-01
5.236584322670087666e+00 7.100395997680434945e+00 4.472075995968470552e-02 8.715225313349967973e-01
7.100395997680434945e+00 9.627577867049382121e+00 4.345543913459653379e-02 8.468745073393043610e-01
9.627577867049382121e+00 1.305423748427261188e+01 4.233588422448770344e-02 8.248584219233119352e-01
1.305423748427261188e+01 1.770051810009568172e+01 4.208832508242715126e-02 8.199108198782778523e-01
1.770051810009568172e+01 2.400050875352008006e+01 4.172019487018604339e-02 8.121478271472130084e-01
2.400050875352008006e+01 3.254279999999999973e+01 4.028246442751394485e-02 7.817705062772397628e-01
