1.000000000000000056e-01 1.355921257095313026e-01 4.502824048223559583e-02 8.713399982426657253e-01
1.355921257095313026e-01 1.838522455442933856e-01 4.410170600881768016e-02 8.575766008944681884e-01
1.838522455442933856e-01 2.492891678982144810e-01 4.374703407809484024e-02 8.486611393004215298e-01
2.492891678982144810e-01 3.380164819167915113e-01 4.454068255117930170e-02 8.659650414047875833e-01
3.380164819167915113e-01 4.583237330795510434e-01 4.656059446591931383e-02 9.056657077763814456e-01
4.583237330795510434e-01 6.214508923138416518e-01 5.125801862254909108e-02 9.980268002120495918e-01
6.214508923138416518e-01 8.426384751291882136e-01 5.738589785021351586e-02 1.117774947905494809e+00
8.426384751291882136e-01 1.142551420474046342e+00 6.333794627473418593e-02 1.233506758607423093e+00
1.142551420474046342e+00 1.549209758345204913e+00 6.230866369001009097e-02 1.213136277148314957e+00
1.549209758345204913e+00 2.100606443039755522e+00 5.742773673873403234e-02 1.118897241449980928e+00
2.100606443039755522e+00 2.848256928908980079e+00 5.303050293001368432e-02 1.033362887667148566e+00
2.848256928908980079e+00 3.862012115576700655e+00 4.961618214496585355e-02 9.669726654560889534e-01
3.862012115576700655e+00 5.236584322670087666e+00 4.681664296950258791e-02 9.123525310377882391e-01
5.236584322670087666e+00 7.100395997680434945e+00 4.478497371514846698e-02 8.727551059980248604e-01
7.100395997680434945e+00 9.627577867049382121e+00 4.365166282140112153e-02 8.504847316954765590e-01
9.627577867049382121e+00 1.305423748427261188e+01 4.271630009570405451e-02 8.316984886295288870e-01
1.305423748427261188e+01 1.770051810009568172e+01 4.252901427916593730e-02 8.275006419465198437e-01
1.770051810009568172e+01 2.400050875352008006e+01 4.211428688621156324e-02 8.176600339520748717e-01
2.400050875352008006e+01 3.254279999999999973e+01 4.095600332346231720e-02 7.912340318138276762e-01
