1.000000000000000056e-01 1.355921257095313026e-01 3.318319031270055425e-02 6.406705909405886468e-01
1.355921257095313026e-01 1.838522455442933856e-01 3.329373874004586814e-02 6.465712641839340691e-01
1.838522455442933856e-01 2.492891678982144810e-01 3.395320883101214660e-02 6.600288094880242262e-01
2.492891678982144810e-01 3.380164819167915113e-01 3.516639663416495226e-02 6.830990644435820380e-01
3.380164819167915113e-01 4.583237330795510434e-01 3.689015921778025786e-02 7.169408196717389492e-01
4.583237330795510434e-01 6.214508923138416518e-01 3.986933293391912991e-02 7.756680627503174108e-01
6.214508923138416518e-01 8.426384751291882136e-01 4.419169904020531225e-02 8.599522127773056024e-01
8.426384751291882136e-01 1.142551420474046342e+00 4.873429179221649976e-02 9.491000497879148456e-01
1.142551420474046342e+00 1.549209758345204913e+00 5.287947104780819918e-02 1.029779706201012779e+00
1.549209758345204913e+00 2.100606443039755522e+00 5.440052650079432728e-02 1.059390746251957838e+00
2.100606443039755522e+00 2.848256928908980079e+00 5.346053144882485786e-02 1.041231735536881198e+00
2.848256928908980079e+00 3.862012115576700655e+00 4.938066363390356678e-02 9.618130498637942338e-01
3.862012115576700655e+00 5.236584322670087666e+00 4.550682331700391103e-02 8.865182737195596019e-01
5.236584322670087666e+00 7.100395997680434945e+00 4.304583348700056350e-02 8.385987154782161834e-01
7.100395997680434945e+00 9.627577867049382121e+00 4.186092315636338185e-02 8.153007695940369670e-01
9.627577867049382121e+00 1.305423748427261188e+01 4.111786296458460471e-02 8.006425607936450417e-01
1.305423748427261188e+01 1.770051810009568172e+01 4.115786582816127748e-02 8.011895750573613251e-01
1.770051810009568172e+01 2.400050875352008006e+01 4.087563717568667987e-02 7.950319816926951777e-01
2.400050875352008006e+01 3.254279999999999973e+01 3.970173677404054829e-02 7.697674331886322774e-01
