1.000000000000000056e-01 1.355921257095313026e-01 5.195428585752643463e-02 9.968365158940724058e-01
1.355921257095313026e-01 1.838522455442933856e-01 4.949818472320218626e-02 9.531191792653830319e-01
1.838522455442933856e-01 2.492891678982144810e-01 4.679696190393255184e-02 9.042255600708034580e-01
2.492891678982144810e-01 3.380164819167915113e-01 4.660838057625835140e-02 9.060337206507733665e-01
3.380164819167915113e-01 4.583237330795510434e-01 4.901802016463754907e-02 9.538606901705821706e-01
4.583237330795510434e-01 6.214508923138416518e-01 5.422878637690340536e-02 1.055815114758366535e+00
6.214508923138416518e-01 8.426384751291882136e-01 5.995727121795738773e-02 1.167079381786273906e+00
8.426384751291882136e-01 1.142551420474046342e+00 6.249964444325384338e-02 1.217595940058473269e+00
1.142551420474046342e+00 1.549209758345204913e+00 6.016479318515259578e-02 1.172006954339245066e+00
1.549209758345204913e+00 2.100606443039755522e+00 5.616102349091735280e-02 1.094125944494617864e+00
2.100606443039755522e+00 2.848256928908980079e+00 5.242126093036063306e-02 1.021378705471213788e+00
2.848256928908980079e+00 3.862012115576700655e+00 4.940986453995756256e-02 9.628258492545905822e-01
3.862012115576700655e+00 5.236584322670087666e+00 4.676018406494073659e-02 9.111223299426080002e-01
5.236584322670087666e+00 7.100395997680434945e+00 4.467159834530070456e-02 8.704760733092865577e-01
7.100395997680434945e+00 9.627577867049382121e+00 4.354531811156121812e-02 8.482845982636008086e-01
9.627577867049382121e+00 1.305423748427261188e+01 4.263657796154120272e-02 8.303330546717117011e-01
1.305423748427261188e+01 1.770051810009568172e+01 4.247841538379353021e-02 8.269117492742265041e-01
1.770051810009568172e+01 2.400050875352008006e+01 4.192318148719658549e-02 8.143984978738980640e-01
2.400050875352008006e+01 3.254279999999999973e+01 4.058378684296786582e-02 7.850116415546308790e-01
