1.000000000000000056e-01 1.355921257095313026e-01 6.648039030623593970e-02 1.284047227546502690e+00
1.355921257095313026e-01 1.838522455442933856e-01 6.314459358041692172e-02 1.223763705267194801e+00
1.838522455442933856e-01 2.492891678982144810e-01 6.126449261636145172e-02 1.185180379388804051e+00
2.492891678982144810e-01 3.380164819167915113e-01 5.847275013967691976e-02 1.136977793410344217e+00
3.380164819167915113e-01 4.583237330795510434e-01 5.719603480388013583e-02 1.109407793533172759e+00
4.583237330795510434e-01 6.214508923138416518e-01 5.814902007998914296e-02 1.129626042596164837e+00
6.214508923138416518e-01 8.426384751291882136e-01 5.943884651295883864e-02 1.156603177062594856e+00
8.426384751291882136e-01 1.142551420474046342e+00 5.959745044677065146e-02 1.160503018981426937e+00
1.142551420474046342e+00 1.549209758345204913e+00 5.738947877896954930e-02 1.118084631566667708e+00
1.549209758345204913e+00 2.100606443039755522e+00 5.496270981682344764e-02 1.071086778247252180e+00
2.100606443039755522e+00 2.848256928908980079e+00 5.218091106981336685e-02 1.016957222846024855e+00
2.848256928908980079e+00 3.862012115576700655e+00 4.928776541688353885e-02 9.604315723520981951e-01
3.862012115576700655e+00 5.236584322670087666e+00 4.670639362347597107e-02 9.100551031651277212e-01
5.236584322670087666e+00 7.100395997680434945e+00 4.474574844162296922e-02 8.719456706474540963e-01
7.100395997680434945e+00 9.627577867049382121e+00 4.368350594863431441e-02 8.513340290665528665e-01
9.627577867049382121e+00 1.305423748427261188e+01 4.310208205139200860e-02 8.398714735522855301e-01
1.305423748427261188e+01 1.770051810009568172e+01 4.297006793978147554e-02 8.370791327630708878e-01
1.770051810009568172e+01 2.400050875352008006e+01 4.288225106679367793e-02 8.342285860371566608e-01
2.400050875352008006e+01 3.254279999999999973e+01 4.159026987781889312e-02 8.053784835276959209e-01
