1.000000000000000056e-01 1.355921257095313026e-01 7.110239232034316903e-02 1.383141239302535519e+00
1.355921257095313026e-01 1.838522455442933856e-01 6.603378263764318745e-02 1.284966963696806186e+00
1.838522455442933856e-01 2.492891678982144810e-01 6.098133701094916176e-02 1.186760769595099685e+00
2.492891678982144810e-01 3.380164819167915113e-01 5.656556352178494090e-02 1.100905273089253011e+00
3.380164819167915113e-01 4.583237330795510434e-01 5.198153823958958503e-02 1.011328937687160368e+00
4.583237330795510434e-01 6.214508923138416518e-01 4.700597108406041891e-02 9.148733034403729869e-01
6.214508923138416518e-01 8.426384751291882136e-01 4.275126178319674231e-02 8.318809696262606801e-01
8.426384751291882136e-01 1.142551420474046342e+00 4.182091573147171670e-02 8.134725113640884908e-01
1.142551420474046342e+00 1.549209758345204913e+00 4.407876168481787704e-02 8.581058507377262723e-01
1.549209758345204913e+00 2.100606443039755522e+00 4.693424682297472894e-02 9.143808749354661591e-01
2.100606443039755522e+00 2.848256928908980079e+00 4.775130098418596536e-02 9.305275742368084302e-01
2.848256928908980079e+00 3.862012115576700655e+00 4.649657508874239370e-02 9.059545414410500319e-01
3.862012115576700655e+00 5.236584322670087666e+00 4.438443098788168173e-02 8.649770387022333029e-01
5.236584322670087666e+00 7.100395997680434945e+00 4.264816985738621030e-02 8.310498791783503814e-01
7.100395997680434945e+00 9.627577867049382121e+00 4.118723819838094463e-02 8.025401524738005055e-01
9.627577867049382121e+00 1.305423748427261188e+01 4.046852067304278905e-02 7.882677995354316902e-01
1.305423748427261188e+01 1.770051810009568172e+01 4.006466653971305775e-02 7.801784843263398495e-01
1.770051810009568172e+01 2.400050875352008006e+01 3.937395366261090685e-02 7.657473626343919149e-01
2.400050875352008006e+01 3.254279999999999973e+01 3.751225511999999734e-02 7.270090211626402121e-01
