1.000000000000000056e-01 1.355921257095313026e-01 5.286816788237738013e-02 1.021171062541160302e+00
1.355921257095313026e-01 1.838522455442933856e-01 4.879496373666280390e-02 9.450527360867041482e-01
1.838522455442933856e-01 2.492891678982144810e-01 4.598370473769129024e-02 8.920427283980766342e-01
2.492891678982144810e-01 3.380164819167915113e-01 4.442080254794520539e-02 8.646760912045292624e-01
3.380164819167915113e-01 4.583237330795510434e-01 4.523603750547437047e-02 8.801086816508094657e-01
4.583237330795510434e-01 6.214508923138416518e-01 5.015919278139285842e-02 9.763137461176124576e-01
6.214508923138416518e-01 8.426384751291882136e-01 5.868702726336680331e-02 1.142318447387776992e+00
8.426384751291882136e-01 1.142551420474046342e+00 6.646073929738209596e-02 1.294787009793480603e+00
1.142551420474046342e+00 1.549209758345204913e+00 6.417050435499641048e-02 1.250581857580101541e+00
1.549209758345204913e+00 2.100606443039755522e+00 5.927337656330146365e-02 1.155184867114587899e+00
2.100606443039755522e+00 2.848256928908980079e+00 5.482566874734188384e-02 1.068450912245156204e+00
2.848256928908980079e+00 3.862012115576700655e+00 5.111667596104244732e-02 9.961278779151916396e-01
3.862012115576700655e+00 5.236584322670087666e+00 4.784028200784205820e-02 9.322864970812855256e-01
5.236584322670087666e+00 7.100395997680434945e+00 4.554947270224099509e-02 8.876750547670178015e-01
7.100395997680434945e+00 9.627577867049382121e+00 4.398626554487462120e-02 8.572059931445231706e-01
9.627577867049382121e+00 1.305423748427261188e+01 4.277005146627296805e-02 8.334112957638555308e-01
1.305423748427261188e+01 1.770051810009568172e+01 4.248638361451777257e-02 8.275620857983593259e-01
1.770051810009568172e+01 2.400050875352008006e+01 4.193821803017875466e-02 8.162105850591455658e-01
2.400050875352008006e+01 3.254279999999999973e+01 4.046744526492296323e-02 7.867457932260143449e-01
