1.000000000000000056e-01 1.355921257095313026e-01 4.688348733409012509e-02 9.110642775482526989e-01
1.355921257095313026e-01 1.838522455442933856e-01 5.031950225804506655e-02 9.794132786079441377e-01
1.838522455442933856e-01 2.492891678982144810e-01 5.378258196129894614e-02 1.046549631091932220e+00
2.492891678982144810e-01 3.380164819167915113e-01 5.645598545445870697e-02 1.098571824748663994e+00
3.380164819167915113e-01 4.583237330795510434e-01 5.791632133352057205e-02 1.127120853096686082e+00
4.583237330795510434e-01 6.214508923138416518e-01 5.726520025115108131e-02 1.115100867680026475e+00
6.214508923138416518e-01 8.426384751291882136e-01 5.555066309675373709e-02 1.082479616865953842e+00
8.426384751291882136e-01 1.142551420474046342e+00 5.897151824149242383e-02 1.149097666959567832e+00
1.142551420474046342e+00 1.549209758345204913e+00 5.913255076225343992e-02 1.152539125499004058e+00
1.549209758345204913e+00 2.100606443039755522e+00 5.649474099160868568e-02 1.101065732722761759e+00
2.100606443039755522e+00 2.848256928908980079e+00 5.335248504625411670e-02 1.039870962607536864e+00
2.848256928908980079e+00 3.862012115576700655e+00 5.020396758826319028e-02 9.786057348251503418e-01
3.862012115576700655e+00 5.236584322670087666e+00 4.716689462602430966e-02 9.193827812960461143e-01
5.236584322670087666e+00 7.100395997680434945e+00 4.500454080384023309e-02 8.771661975987143922e-01
7.100395997680434945e+00 9.627577867049382121e+00 4.350238761579669489e-02 8.478441385537899277e-01
9.627577867049382121e+00 1.305423748427261188e+01 4.228374218895075004e-02 8.240852062031491787e-01
1.305423748427261188e+01 1.770051810009568172e+01 4.206662845454377936e-02 8.197699182939932605e-01
1.770051810009568172e+01 2.400050875352008006e+01 4.160785170272606609e-02 8.104347858309121078e-01
2.400050875352008006e+01 3.254279999999999973e+01 4.009281482463528806e-02 7.797446156929639383e-01
