1.000000000000000056e-01 1.355921257095313026e-01 6.167451646529450299e-02 1.194839170988563515e+00
1.355921257095313026e-01 1.838522455442933856e-01 6.373504374542333928e-02 1.236052787421348498e+00
1.838522455442933856e-01 2.492891678982144810e-01 6.446923313713309733e-02 1.251564469277739899e+00
2.492891678982144810e-01 3.380164819167915113e-01 6.518094996212296655e-02 1.266627911602100642e+00
3.380164819167915113e-01 4.583237330795510434e-01 6.409288289697144536e-02 1.246336351683201338e+00
4.583237330795510434e-01 6.214508923138416518e-01 6.171680484321973720e-02 1.201163428238249509e+00
6.214508923138416518e-01 8.426384751291882136e-01 5.706908567358832951e-02 1.110628897207576182e+00
8.426384751291882136e-01 1.142551420474046342e+00 5.333340883099738083e-02 1.039272220702950333e+00
1.142551420474046342e+00 1.549209758345204913e+00 5.453994999091786589e-02 1.062913133441794944e+00
1.549209758345204913e+00 2.100606443039755522e+00 5.486313285440665155e-02 1.069395155942111542e+00
2.100606443039755522e+00 2.848256928908980079e+00 5.274712267905374424e-02 1.028125226874854636e+00
2.848256928908980079e+00 3.862012115576700655e+00 4.933695197791146403e-02 9.617078603494076949e-01
3.862012115576700655e+00 5.236584322670087666e+00 4.657485257411064783e-02 9.078695614974188199e-01
5.236584322670087666e+00 7.100395997680434945e+00 4.447320435823640117e-02 8.669131510786741712e-01
7.100395997680434945e+00 9.627577867049382121e+00 4.305377476186115354e-02 8.392379576370119221e-01
9.627577867049382121e+00 1.305423748427261188e+01 4.224854709773299966e-02 8.234926210671915658e-01
1.305423748427261188e+01 1.770051810009568172e+01 4.190774246417838106e-02 8.167924724410980941e-01
1.770051810009568172e+01 2.400050875352008006e+01 4.137987562061185703e-02 8.064238402641841219e-01
2.400050875352008006e+01 3.254279999999999973e+01 4.016449544301459867e-02 7.823848071391213965e-01
