1.000000000000000056e-01 1.355921257095313026e-01 5.865226850919486035e-02 1.129833223347324722e+00
1.355921257095313026e-01 1.838522455442933856e-01 5.362142354433122038e-02 1.040147741569131812e+00
1.838522455442933856e-01 2.492891678982144810e-01 5.052493637937628679e-02 9.813883325991207274e-01
2.492891678982144810e-01 3.380164819167915113e-01 4.825521957792211492e-02 9.366725138125179262e-01
3.380164819167915113e-01 4.583237330795510434e-01 4.750909037025492776e-02 9.237796061227157018e-01
4.583237330795510434e-01 6.214508923138416518e-01 4.950044598760314912e-02 9.639611723052404768e-01
6.214508923138416518e-01 8.426384751291882136e-01 5.362243368612274602e-02 1.043058250730736880e+00
8.426384751291882136e-01 1.142551420474046342e+00 5.802883227146642814e-02 1.129602616120393366e+00
1.142551420474046342e+00 1.549209758345204913e+00 5.880450831558935165e-02 1.145770450318769340e+00
1.549209758345204913e+00 2.100606443039755522e+00 5.691519252776392618e-02 1.108835850615494278e+00
2.100606443039755522e+00 2.848256928908980079e+00 5.337323357603628027e-02 1.040092069031143707e+00
2.848256928908980079e+00 3.862012115576700655e+00 5.015039311401481292e-02 9.774467654435887720e-01
3.862012115576700655e+00 5.236584322670087666e+00 4.684540013017847448e-02 9.129073223402512927e-01
5.236584322670087666e+00 7.100395997680434945e+00 4.430896123409407833e-02 8.634139452489065780e-01
7.100395997680434945e+00 9.627577867049382121e+00 4.274544602273003951e-02 8.327384046927531758e-01
9.627577867049382121e+00 1.305423748427261188e+01 4.157047005083339825e-02 8.096406630931819448e-01
1.305423748427261188e+01 1.770051810009568172e+01 4.115469523027381199e-02 8.011492247726820226e-01
1.770051810009568172e+01 2.400050875352008006e+01 4.033031283556995361e-02 7.845580924828192693e-01
2.400050875352008006e+01 3.254279999999999973e+01 3.850222813498094948e-02 7.460055662422216960e-01
