1.000000000000000056e-01 1.355921257095313026e-01 4.117673825209480082e-02 7.987210326756072343e-01
1.355921257095313026e-01 1.838522455442933856e-01 3.975325226067741996e-02 7.731107618190424802e-01
1.838522455442933856e-01 2.492891678982144810e-01 3.890015256432847318e-02 7.566825623423819591e-01
2.492891678982144810e-01 3.380164819167915113e-01 3.834843339727070366e-02 7.469301330341745482e-01
3.380164819167915113e-01 4.583237330795510434e-01 3.943128797678712577e-02 7.680248907874032138e-01
4.583237330795510434e-01 6.214508923138416518e-01 4.304717934452800820e-02 8.383688717943725832e-01
6.214508923138416518e-01 8.426384751291882136e-01 5.249299906353960959e-02 1.022886601051796296e+00
8.426384751291882136e-01 1.142551420474046342e+00 6.211222281029236264e-02 1.210120149268192780e+00
1.142551420474046342e+00 1.549209758345204913e+00 6.360681740908605275e-02 1.239477027392681396e+00
1.549209758345204913e+00 2.100606443039755522e+00 5.971284179141942566e-02 1.163741549438597200e+00
2.100606443039755522e+00 2.848256928908980079e+00 5.462798765059326267e-02 1.064673636361282316e+00
2.848256928908980079e+00 3.862012115576700655e+00 5.033673158386949703e-02 9.811332430821106954e-01
3.862012115576700655e+00 5.236584322670087666e+00 4.657883805040230474e-02 9.078045029178634096e-01
5.236584322670087666e+00 7.100395997680434945e+00 4.431837193915539458e-02 8.637939810791140927e-01
7.100395997680434945e+00 9.627577867049382121e+00 4.291219394675826332e-02 8.363628126601032609e-01
9.627577867049382121e+00 1.305423748427261188e+01 4.192537254373528144e-02 8.169460268679585857e-01
1.305423748427261188e+01 1.770051810009568172e+01 4.159967243620986410e-02 8.103777677797374679e-01
1.770051810009568172e+01 2.400050875352008006e+01 4.112557825553097429e-02 8.007202054095917676e-01
2.400050875352008006e+01 3.254279999999999973e+01 3.988622104630790144e-02 7.754801841987437605e-01
