1.000000000000000056e-01 1.355921257095313026e-01 4.404197168347388780e-02 8.459005330329397720e-01
1.355921257095313026e-01 1.838522455442933856e-01 4.466437959015652492e-02 8.617108655893606084e-01
1.838522455442933856e-01 2.492891678982144810e-01 4.540123048852356957e-02 8.807667957200532305e-01
2.492891678982144810e-01 3.380164819167915113e-01 4.683618774253790751e-02 9.091545482299562275e-01
3.380164819167915113e-01 4.583237330795510434e-01 5.021898538204750545e-02 9.763952565550781948e-01
4.583237330795510434e-01 6.214508923138416518e-01 5.621687004472044474e-02 1.093548072123734283e+00
6.214508923138416518e-01 8.426384751291882136e-01 6.281459127933017306e-02 1.222517398492453333e+00
8.426384751291882136e-01 1.142551420474046342e+00 6.320753823534953908e-02 1.231453594210198732e+00
1.142551420474046342e+00 1.549209758345204913e+00 6.054948196470261168e-02 1.179388744872882366e+00
1.549209758345204913e+00 2.100606443039755522e+00 5.713549107738714883e-02 1.113173731357045781e+00
2.100606443039755522e+00 2.848256928908980079e+00 5.335291204606153193e-02 1.039644920043665266e+00
2.848256928908980079e+00 3.862012115576700655e+00 5.005077640021361046e-02 9.752527799531914843e-01
3.862012115576700655e+00 5.236584322670087666e+00 4.667742087005705143e-02 9.095506140661292482e-01
5.236584322670087666e+00 7.100395997680434945e+00 4.444310230440200182e-02 8.659829293249070581e-01
7.100395997680434945e+00 9.627577867049382121e+00 4.304476572069564771e-02 8.387371569108147407e-01
9.627577867049382121e+00 1.305423748427261188e+01 4.210518079051520091e-02 8.201576027423409521e-01
1.305423748427261188e+01 1.770051810009568172e+01 4.165571442432465521e-02 8.110634721000661296e-01
1.770051810009568172e+01 2.400050875352008006e+01 4.112143653447141584e-02 8.000982677525375619e-01
2.400050875352008006e+01 3.254279999999999973e+01 3.961760636897176946e-02 7.695133128993099092e-01
