1.000000000000000056e-01 1.355921257095313026e-01 3.343912871252037455e-02 6.474858815645317955e-01
1.355921257095313026e-01 1.838522455442933856e-01 3.529438844124688918e-02 6.859354012475301632e-01
1.838522455442933856e-01 2.492891678982144810e-01 3.723840501545363363e-02 7.234606052458064651e-01
2.492891678982144810e-01 3.380164819167915113e-01 3.953857170923719827e-02 7.690132423247046933e-01
3.380164819167915113e-01 4.583237330795510434e-01 4.271845698256394180e-02 8.313117147264792450e-01
4.583237330795510434e-01 6.214508923138416518e-01 4.831321401707716623e-02 9.408382382667540567e-01
6.214508923138416518e-01 8.426384751291882136e-01 5.797744571967958227e-02 1.128689087591697282e+00
8.426384751291882136e-01 1.142551420474046342e+00 7.335411900379927574e-02 1.429055014978710458e+00
1.142551420474046342e+00 1.549209758345204913e+00 7.147115137830008236e-02 1.392521698924265472e+00
1.549209758345204913e+00 2.100606443039755522e+00 6.234569339896045559e-02 1.214947749544041278e+00
2.100606443039755522e+00 2.848256928908980079e+00 5.572116429004973781e-02 1.085774853476746404e+00
2.848256928908980079e+00 3.862012115576700655e+00 5.137592516972305096e-02 1.001229672029271933e+00
3.862012115576700655e+00 5.236584322670087666e+00 4.780355624342468024e-02 9.315958420006504870e-01
5.236584322670087666e+00 7.100395997680434945e+00 4.540636148087369428e-02 8.849046698835872915e-01
7.100395997680434945e+00 9.627577867049382121e+00 4.365168199562868140e-02 8.506409299028317994e-01
9.627577867049382121e+00 1.305423748427261188e+01 4.216548701961153611e-02 8.215476791547154933e-01
1.305423748427261188e+01 1.770051810009568172e+01 4.192865449034660630e-02 8.165437504773330746e-01
1.770051810009568172e+01 2.400050875352008006e+01 4.132010672332998152e-02 8.041864988591916896e-01
2.400050875352008006e+01 3.254279999999999973e+01 3.973150509909412903e-02 7.719149289072919640e-01
