1.000000000000000056e-01 1.355921257095313026e-01 4.749565613504581202e-02 9.207458984263668933e-01
1.355921257095313026e-01 1.838522455442933856e-01 4.582531984658723412e-02 8.883120401753935580e-01
1.838522455442933856e-01 2.492891678982144810e-01 4.463467704801851038e-02 8.668861524290183418e-01
2.492891678982144810e-01 3.380164819167915113e-01 4.403539003488873144e-02 8.560237399157634153e-01
3.380164819167915113e-01 4.583237330795510434e-01 4.370354305445576376e-02 8.505320260154363154e-01
4.583237330795510434e-01 6.214508923138416518e-01 4.516689561267183545e-02 8.791546209305695081e-01
6.214508923138416518e-01 8.426384751291882136e-01 4.790861279600647921e-02 9.328744770209719261e-01
8.426384751291882136e-01 1.142551420474046342e+00 5.057018886452258055e-02 9.850602658528753164e-01
1.142551420474046342e+00 1.549209758345204913e+00 5.255430374328879523e-02 1.023702245001301803e+00
1.549209758345204913e+00 2.100606443039755522e+00 5.358329049833965296e-02 1.043777945534888785e+00
2.100606443039755522e+00 2.848256928908980079e+00 5.268089225913297202e-02 1.026385963405587187e+00
2.848256928908980079e+00 3.862012115576700655e+00 4.932268528971518046e-02 9.610500016352114816e-01
3.862012115576700655e+00 5.236584322670087666e+00 4.592493939532167613e-02 8.949335749695613851e-01
5.236584322670087666e+00 7.100395997680434945e+00 4.341871735633164725e-02 8.461097066673228806e-01
7.100395997680434945e+00 9.627577867049382121e+00 4.186779540979592568e-02 8.158398551689456379e-01
9.627577867049382121e+00 1.305423748427261188e+01 4.088818843454718188e-02 7.965899338229230908e-01
1.305423748427261188e+01 1.770051810009568172e+01 4.038107663157488453e-02 7.866032840675100113e-01
1.770051810009568172e+01 2.400050875352008006e+01 3.967240531534959452e-02 7.723695137690117507e-01
2.400050875352008006e+01 3.254279999999999973e+01 3.825412229156915228e-02 7.440756325720385700e-01
