1.000000000000000056e-01 1.355921257095313026e-01 4.721484841051172554e-02 9.051004545620185970e-01
1.355921257095313026e-01 1.838522455442933856e-01 4.340212272143442740e-02 8.409223347232395174e-01
1.838522455442933856e-01 2.492891678982144810e-01 4.056702628857227627e-02 7.868240253569221965e-01
2.492891678982144810e-01 3.380164819167915113e-01 3.926584610968281153e-02 7.628299066493233749e-01
3.380164819167915113e-01 4.583237330795510434e-01 3.953906546607850042e-02 7.689770410124228128e-01
4.583237330795510434e-01 6.214508923138416518e-01 4.258781187243148442e-02 8.287762415306383357e-01
6.214508923138416518e-01 8.426384751291882136e-01 4.902114642811546824e-02 9.536369558609300023e-01
8.426384751291882136e-01 1.142551420474046342e+00 5.885968235265242460e-02 1.146565011484804053e+00
1.142551420474046342e+00 1.549209758345204913e+00 6.229571537071231652e-02 1.213553835569889827e+00
1.549209758345204913e+00 2.100606443039755522e+00 5.794289921881950328e-02 1.128990161061598219e+00
2.100606443039755522e+00 2.848256928908980079e+00 5.280123941106671520e-02 1.028612838817630104e+00
2.848256928908980079e+00 3.862012115576700655e+00 4.910883078247828271e-02 9.567580945720839392e-01
3.862012115576700655e+00 5.236584322670087666e+00 4.640359643734570660e-02 9.039987312128581198e-01
5.236584322670087666e+00 7.100395997680434945e+00 4.437091713143452576e-02 8.643420193460076284e-01
7.100395997680434945e+00 9.627577867049382121e+00 4.331975071623807988e-02 8.439295885090024596e-01
9.627577867049382121e+00 1.305423748427261188e+01 4.264480685173911712e-02 8.301237124577054427e-01
1.305423748427261188e+01 1.770051810009568172e+01 4.277342349544124150e-02 8.322088079351799284e-01
1.770051810009568172e+01 2.400050875352008006e+01 4.257067608696649824e-02 8.265674616524815166e-01
2.400050875352008006e+01 3.254279999999999973e+01 4.123156048751906028e-02 7.938849210286794689e-01
