1.000000000000000056e-01 1.355921257095313026e-01 4.316897233391563116e-02 8.223501320402375470e-01
1.355921257095313026e-01 1.838522455442933856e-01 4.541566259645779535e-02 8.653354513710130869e-01
1.838522455442933856e-01 2.492891678982144810e-01 4.689360664509044374e-02 9.099926256803679836e-01
2.492891678982144810e-01 3.380164819167915113e-01 5.098333047967210097e-02 9.893095593603347115e-01
3.380164819167915113e-01 4.583237330795510434e-01 5.705066290455510641e-02 1.108322036933999444e+00
4.583237330795510434e-01 6.214508923138416518e-01 6.427312940682404496e-02 1.249776603712333234e+00
6.214508923138416518e-01 8.426384751291882136e-01 6.812111011416123463e-02 1.325296710927444943e+00
8.426384751291882136e-01 1.142551420474046342e+00 6.716106552691457343e-02 1.308017828437409102e+00
1.142551420474046342e+00 1.549209758345204913e+00 6.352945360830966615e-02 1.237014527702894995e+00
1.549209758345204913e+00 2.100606443039755522e+00 5.892769618291834183e-02 1.147939189461202103e+00
2.100606443039755522e+00 2.848256928908980079e+00 5.422747266420559903e-02 1.056447430910918195e+00
2.848256928908980079e+00 3.862012115576700655e+00 5.068934512463170450e-02 9.876819081389484056e-01
3.862012115576700655e+00 5.236584322670087666e+00 4.779468356666796008e-02 9.312825643380413521e-01
5.236584322670087666e+00 7.100395997680434945e+00 4.574249696349647065e-02 8.912475507702587452e-01
7.100395997680434945e+00 9.627577867049382121e+00 4.437379474633538351e-02 8.644020607454737659e-01
9.627577867049382121e+00 1.305423748427261188e+01 4.346885936363250463e-02 8.464944655576082111e-01
1.305423748427261188e+01 1.770051810009568172e+01 4.283276747226791997e-02 8.340237824486642637e-01
1.770051810009568172e+01 2.400050875352008006e+01 4.221941413552683653e-02 8.203330219714233262e-01
2.400050875352008006e+01 3.254279999999999973e+01 4.076264803385735297e-02 7.873641884865029139e-01
