1.000000000000000056e-01 1.355921257095313026e-01 4.846233906699709548e-02 9.411107957718444217e-01
1.355921257095313026e-01 1.838522455442933856e-01 4.925343240424260444e-02 9.574540186090286786e-01
1.838522455442933856e-01 2.492891678982144810e-01 5.006286601305378475e-02 9.744447095930738323e-01
2.492891678982144810e-01 3.380164819167915113e-01 5.078854745190850006e-02 9.883869216308779349e-01
3.380164819167915113e-01 4.583237330795510434e-01 5.135600491095211606e-02 1.000316779594821570e+00
4.583237330795510434e-01 6.214508923138416518e-01 5.278787064445477489e-02 1.027420701655318069e+00
6.214508923138416518e-01 8.426384751291882136e-01 5.479783300893308756e-02 1.066919971739224815e+00
8.426384751291882136e-01 1.142551420474046342e+00 5.669532862873179896e-02 1.104393770046514733e+00
1.142551420474046342e+00 1.549209758345204913e+00 5.614275470451941807e-02 1.094021779741523259e+00
1.549209758345204913e+00 2.100606443039755522e+00 5.467357073203952395e-02 1.065329226462451873e+00
2.100606443039755522e+00 2.848256928908980079e+00 5.192471579889151173e-02 1.011981152939815498e+00
2.848256928908980079e+00 3.862012115576700655e+00 4.920292619176371701e-02 9.588946742273356527e-01
3.862012115576700655e+00 5.236584322670087666e+00 4.600155531429854505e-02 8.965579908386044350e-01
5.236584322670087666e+00 7.100395997680434945e+00 4.407305909068584548e-02 8.589623662082340738e-01
7.100395997680434945e+00 9.627577867049382121e+00 4.272102572560930456e-02 8.325143160103914974e-01
9.627577867049382121e+00 1.305423748427261188e+01 4.190683887438903521e-02 8.166359335509612016e-01
1.305423748427261188e+01 1.770051810009568172e+01 4.159607785534698288e-02 8.104622189020014300e-01
1.770051810009568172e+01 2.400050875352008006e+01 4.108597050583844695e-02 8.000300467930389070e-01
2.400050875352008006e+01 3.254279999999999973e+01 3.954758204533047328e-02 7.695232588548610586e-01
