1.000000000000000056e-01 1.355921257095313026e-01 4.450212204898221224e-02 8.638268607164255597e-01
1.355921257095313026e-01 1.838522455442933856e-01 4.312978732348421440e-02 8.375594334971671051e-01
1.838522455442933856e-01 2.492891678982144810e-01 4.209102991426638685e-02 8.155542766365789786e-01
2.492891678982144810e-01 3.380164819167915113e-01 4.173247716692880804e-02 8.122339936040299246e-01
3.380164819167915113e-01 4.583237330795510434e-01 4.208327347263771112e-02 8.187603666679019732e-01
4.583237330795510434e-01 6.214508923138416518e-01 4.489433297214982799e-02 8.731220566507384984e-01
6.214508923138416518e-01 8.426384751291882136e-01 5.074645201091023544e-02 9.871877230430990968e-01
8.426384751291882136e-01 1.142551420474046342e+00 5.550114285234506589e-02 1.080887745637594932e+00
1.142551420474046342e+00 1.549209758345204913e+00 5.760957204015798583e-02 1.122467276336707176e+00
1.549209758345204913e+00 2.100606443039755522e+00 5.570626333099071292e-02 1.085455976026155511e+00
2.100606443039755522e+00 2.848256928908980079e+00 5.299295614447394054e-02 1.032799606461897390e+00
2.848256928908980079e+00 3.862012115576700655e+00 4.925289675310159238e-02 9.598907886005982881e-01
3.862012115576700655e+00 5.236584322670087666e+00 4.603866519419946846e-02 8.973323787180107480e-01
5.236584322670087666e+00 7.100395997680434945e+00 4.397493136997494140e-02 8.570913189450517500e-01
7.100395997680434945e+00 9.627577867049382121e+00 4.273179407594636381e-02 8.328806201338061488e-01
9.627577867049382121e+00 1.305423748427261188e+01 4.197056949578633483e-02 8.179840115914595033e-01
1.305423748427261188e+01 1.770051810009568172e+01 4.188328964809311106e-02 8.163035198642566437e-01
1.770051810009568172e+01 2.400050875352008006e+01 4.152114382079266641e-02 8.090471008384763074e-01
2.400050875352008006e+01 3.254279999999999973e+01 4.053109104378056077e-02 7.895213344523552834e-01
