1.000000000000000056e-01 1.355921257095313026e-01 4.335584473404393430e-02 8.302691559302129987e-01
1.355921257095313026e-01 1.838522455442933856e-01 4.416984988953653879e-02 8.541363008944239388e-01
1.838522455442933856e-01 2.492891678982144810e-01 4.625535017244880587e-02 8.989560912652980740e-01
2.492891678982144810e-01 3.380164819167915113e-01 4.926977473034563348e-02 9.580576934513463927e-01
3.380164819167915113e-01 4.583237330795510434e-01 5.414729109513096578e-02 1.054387096759007436e+00
4.583237330795510434e-01 6.214508923138416518e-01 6.319746214706398191e-02 1.231383582992968906e+00
6.214508923138416518e-01 8.426384751291882136e-01 6.973785954759115224e-02 1.359070708981936049e+00
8.426384751291882136e-01 1.142551420474046342e+00 6.927991325615767693e-02 1.350203341894440134e+00
1.142551420474046342e+00 1.549209758345204913e+00 6.564882279205817850e-02 1.279606647494035521e+00
1.549209758345204913e+00 2.100606443039755522e+00 6.041498832666402502e-02 1.177587476879064399e+00
2.100606443039755522e+00 2.848256928908980079e+00 5.571539934057964660e-02 1.085980763745668654e+00
2.848256928908980079e+00 3.862012115576700655e+00 5.153866414357444192e-02 1.004537282479315063e+00
3.862012115576700655e+00 5.236584322670087666e+00 4.810072992759165111e-02 9.375774081434239404e-01
5.236584322670087666e+00 7.100395997680434945e+00 4.572643590867701835e-02 8.912356533383605228e-01
7.100395997680434945e+00 9.627577867049382121e+00 4.400349743024578597e-02 8.576574374967073089e-01
9.627577867049382121e+00 1.305423748427261188e+01 4.272856227089406184e-02 8.327564452267066653e-01
1.305423748427261188e+01 1.770051810009568172e+01 4.214596443747045673e-02 8.211566372483456444e-01
1.770051810009568172e+01 2.400050875352008006e+01 4.145910116057013872e-02 8.075109010655465713e-01
2.400050875352008006e+01 3.254279999999999973e+01 3.982491655623961180e-02 7.749634876893053415e-01
