1.000000000000000056e-01 1.355921257095313026e-01 2.898267093273326420e-02 5.513007561750561392e-01
1.355921257095313026e-01 1.838522455442933856e-01 3.180827050181128657e-02 6.097164255938712918e-01
1.838522455442933856e-01 2.492891678982144810e-01 3.519271144920800565e-02 6.805727867189393931e-01
2.492891678982144810e-01 3.380164819167915113e-01 3.934631355817039960e-02 7.638342182879427344e-01
3.380164819167915113e-01 4.583237330795510434e-01 4.516847274425664360e-02 8.776192071492295854e-01
4.583237330795510434e-01 6.214508923138416518e-01 5.351464705891929158e-02 1.041357212991131931e+00
6.214508923138416518e-01 8.426384751291882136e-01 6.249884268215842587e-02 1.216780347668787288e+00
8.426384751291882136e-01 1.142551420474046342e+00 6.705422035020754123e-02 1.306078178137081824e+00
1.142551420474046342e+00 1.549209758345204913e+00 6.630674933714468533e-02 1.291990666589183157e+00
1.549209758345204913e+00 2.100606443039755522e+00 6.137735571953808339e-02 1.196038584999618459e+00
2.100606443039755522e+00 2.848256928908980079e+00 5.548262057583681212e-02 1.081267015866900882e+00
2.848256928908980079e+00 3.862012115576700655e+00 5.136133666335333109e-02 1.000938037135807868e+00
3.862012115576700655e+00 5.236584322670087666e+00 4.791101016003689039e-02 9.336311995100371464e-01
5.236584322670087666e+00 7.100395997680434945e+00 4.560916285297034189e-02 8.886448551045942335e-01
7.100395997680434945e+00 9.627577867049382121e+00 4.400575208129392513e-02 8.571892397875557901e-01
9.627577867049382121e+00 1.305423748427261188e+01 4.293037941051157380e-02 8.357714508135002385e-01
1.305423748427261188e+01 1.770051810009568172e+01 4.245341877553457377e-02 8.260149147897968280e-01
1.770051810009568172e+01 2.400050875352008006e+01 4.191124834009823247e-02 8.138644816532516479e-01
2.400050875352008006e+01 3.254279999999999973e+01 4.081630908070488228e-02 7.876060599148105856e-01
