1.000000000000000056e-01 1.355921257095313026e-01 4.687376056135628133e-02 9.114148511344314363e-01
1.355921257095313026e-01 1.838522455442933856e-01 4.548658181386706217e-02 8.846617014160701453e-01
1.838522455442933856e-01 2.492891678982144810e-01 4.416085338429358298e-02 8.597330691210716136e-01
2.492891678982144810e-01 3.380164819167915113e-01 4.380167284533917349e-02 8.534047545734240181e-01
3.380164819167915113e-01 4.583237330795510434e-01 4.402861325095365486e-02 8.568508834008021768e-01
4.583237330795510434e-01 6.214508923138416518e-01 4.717768162869214604e-02 9.181517600250103106e-01
6.214508923138416518e-01 8.426384751291882136e-01 5.547879124109937610e-02 1.080236595322468851e+00
8.426384751291882136e-01 1.142551420474046342e+00 6.256768274744646530e-02 1.219132290128622120e+00
1.142551420474046342e+00 1.549209758345204913e+00 6.117303681763078260e-02 1.192187143540541117e+00
1.549209758345204913e+00 2.100606443039755522e+00 5.681064912309794629e-02 1.107222925860009921e+00
2.100606443039755522e+00 2.848256928908980079e+00 5.280388618904392761e-02 1.029197618291012750e+00
2.848256928908980079e+00 3.862012115576700655e+00 4.968984414193792359e-02 9.685434726288303375e-01
3.862012115576700655e+00 5.236584322670087666e+00 4.689449922447730401e-02 9.140535323987106775e-01
5.236584322670087666e+00 7.100395997680434945e+00 4.485465905154303184e-02 8.742801745262713808e-01
7.100395997680434945e+00 9.627577867049382121e+00 4.365830854491815904e-02 8.509357596969505666e-01
9.627577867049382121e+00 1.305423748427261188e+01 4.284063339150246535e-02 8.349688440280671475e-01
1.305423748427261188e+01 1.770051810009568172e+01 4.277301717126135577e-02 8.335294508799805380e-01
1.770051810009568172e+01 2.400050875352008006e+01 4.265233013528114958e-02 8.309293834748552321e-01
2.400050875352008006e+01 3.254279999999999973e+01 4.147899460223444107e-02 8.069441485537762748e-01
