1.000000000000000056e-01 1.355921257095313026e-01 5.748417135584890647e-02 1.116364382681690470e+00
1.355921257095313026e-01 1.838522455442933856e-01 5.580175613730404410e-02 1.083688670972750900e+00
1.838522455442933856e-01 2.492891678982144810e-01 5.440595859031421150e-02 1.056636977851728165e+00
2.492891678982144810e-01 3.380164819167915113e-01 5.319148380624617173e-02 1.034226972096325081e+00
3.380164819167915113e-01 4.583237330795510434e-01 5.367462211393579652e-02 1.043545849195386843e+00
4.583237330795510434e-01 6.214508923138416518e-01 5.566760527694449012e-02 1.083331363640667622e+00
6.214508923138416518e-01 8.426384751291882136e-01 5.761482827160573084e-02 1.121583430194641018e+00
8.426384751291882136e-01 1.142551420474046342e+00 5.718273422634698178e-02 1.113405912793056451e+00
1.142551420474046342e+00 1.549209758345204913e+00 5.726663812407536275e-02 1.115592158122370225e+00
1.549209758345204913e+00 2.100606443039755522e+00 5.560383812145398147e-02 1.083413593769237737e+00
2.100606443039755522e+00 2.848256928908980079e+00 5.235271942683994428e-02 1.020159216331178120e+00
2.848256928908980079e+00 3.862012115576700655e+00 4.883829128081277476e-02 9.516171747627615307e-01
3.862012115576700655e+00 5.236584322670087666e+00 4.646334384518884669e-02 9.052096533414293322e-01
5.236584322670087666e+00 7.100395997680434945e+00 4.457344747756195047e-02 8.684765365744666621e-01
7.100395997680434945e+00 9.627577867049382121e+00 4.337351337308430199e-02 8.449293154991309729e-01
9.627577867049382121e+00 1.305423748427261188e+01 4.270556720080267293e-02 8.314858933437119237e-01
1.305423748427261188e+01 1.770051810009568172e+01 4.232718906853628893e-02 8.236811194508829592e-01
1.770051810009568172e+01 2.400050875352008006e+01 4.185482645490258558e-02 8.129525846061770311e-01
2.400050875352008006e+01 3.254279999999999973e+01 4.080781152272643791e-02 7.874489322481488252e-01
