1.000000000000000056e-01 1.355921257095313026e-01 4.378779150227573441e-02 8.371782926715898299e-01
1.355921257095313026e-01 1.838522455442933856e-01 4.205213273110629951e-02 8.139079699347332442e-01
1.838522455442933856e-01 2.492891678982144810e-01 4.209568598406818879e-02 8.163985189047874291e-01
2.492891678982144810e-01 3.380164819167915113e-01 4.253051175839216158e-02 8.258625283018420360e-01
3.380164819167915113e-01 4.583237330795510434e-01 4.474425047110655584e-02 8.701749309608447502e-01
4.583237330795510434e-01 6.214508923138416518e-01 5.018926646352531856e-02 9.760714404942972822e-01
6.214508923138416518e-01 8.426384751291882136e-01 5.760700860467398571e-02 1.121721637279428085e+00
8.426384751291882136e-01 1.142551420474046342e+00 6.316193499135988598e-02 1.230392710688203772e+00
1.142551420474046342e+00 1.549209758345204913e+00 6.503606303599124283e-02 1.267238583635996507e+00
1.549209758345204913e+00 2.100606443039755522e+00 6.168910623541106614e-02 1.202317031295894179e+00
2.100606443039755522e+00 2.848256928908980079e+00 5.666779129819480426e-02 1.104410395639203069e+00
2.848256928908980079e+00 3.862012115576700655e+00 5.188013208349186861e-02 1.011216008605585692e+00
3.862012115576700655e+00 5.236584322670087666e+00 4.804345773131635938e-02 9.363995552189581240e-01
5.236584322670087666e+00 7.100395997680434945e+00 4.544335440779886937e-02 8.856918159178857053e-01
7.100395997680434945e+00 9.627577867049382121e+00 4.354767135539525102e-02 8.486404957731706888e-01
9.627577867049382121e+00 1.305423748427261188e+01 4.202296021706059675e-02 8.188537948473735284e-01
1.305423748427261188e+01 1.770051810009568172e+01 4.160189331514332206e-02 8.105258235810207657e-01
1.770051810009568172e+01 2.400050875352008006e+01 4.080736103592836478e-02 7.948903541016008045e-01
2.400050875352008006e+01 3.254279999999999973e+01 3.879379599712198118e-02 7.552035272770327712e-01
