1.000000000000000056e-01 1.355921257095313026e-01 3.808458982966237555e-02 7.347932182777586751e-01
1.355921257095313026e-01 1.838522455442933856e-01 3.818148669089375252e-02 7.407269682627410923e-01
1.838522455442933856e-01 2.492891678982144810e-01 3.854064716508401323e-02 7.475875612634529377e-01
2.492891678982144810e-01 3.380164819167915113e-01 3.965056634333402608e-02 7.701400663806204916e-01
3.380164819167915113e-01 4.583237330795510434e-01 4.161047834142074520e-02 8.092959088978040061e-01
4.583237330795510434e-01 6.214508923138416518e-01 4.450240658746715261e-02 8.666741155532750041e-01
6.214508923138416518e-01 8.426384751291882136e-01 4.901616069129981906e-02 9.545215501551036485e-01
8.426384751291882136e-01 1.142551420474046342e+00 5.275552505434908529e-02 1.027048753306806450e+00
1.142551420474046342e+00 1.549209758345204913e+00 5.439064857434097733e-02 1.058336257879536335e+00
1.549209758345204913e+00 2.100606443039755522e+00 5.325116876252049269e-02 1.036825009867995862e+00
2.100606443039755522e+00 2.848256928908980079e+00 5.053143113553079657e-02 9.841498458483661782e-01
2.848256928908980079e+00 3.862012115576700655e+00 4.757803593607037168e-02 9.268324153628866302e-01
3.862012115576700655e+00 5.236584322670087666e+00 4.494361161899301793e-02 8.753775172288621453e-01
5.236584322670087666e+00 7.100395997680434945e+00 4.321696923524105671e-02 8.417889922441295081e-01
7.100395997680434945e+00 9.627577867049382121e+00 4.220752603625822774e-02 8.220167448837331081e-01
9.627577867049382121e+00 1.305423748427261188e+01 4.177519533113810413e-02 8.134074287256699565e-01
1.305423748427261188e+01 1.770051810009568172e+01 4.150505464374659725e-02 8.077733064286436448e-01
1.770051810009568172e+01 2.400050875352008006e+01 4.119865638868219077e-02 8.008497836307092443e-01
2.400050875352008006e+01 3.254279999999999973e+01 3.980756859539099496e-02 7.725931004498955978e-01
