1.000000000000000056e-01 1.355921257095313026e-01 5.706242483721437470e-02 1.105340614413515166e+00
1.355921257095313026e-01 1.838522455442933856e-01 5.323086453148682257e-02 1.033663772686420179e+00
1.838522455442933856e-01 2.492891678982144810e-01 5.044269875015858912e-02 9.801857265616203962e-01
2.492891678982144810e-01 3.380164819167915113e-01 4.761766094764616208e-02 9.240916646478494201e-01
3.380164819167915113e-01 4.583237330795510434e-01 4.660279787579007377e-02 9.062344333970517862e-01
4.583237330795510434e-01 6.214508923138416518e-01 4.807878033520036204e-02 9.363162435252809779e-01
6.214508923138416518e-01 8.426384751291882136e-01 5.110954261965597323e-02 9.952158628846514699e-01
8.426384751291882136e-01 1.142551420474046342e+00 5.472346117960640022e-02 1.066121822801452401e+00
1.142551420474046342e+00 1.549209758345204913e+00 5.612299836270387421e-02 1.093282362316433387e+00
1.549209758345204913e+00 2.100606443039755522e+00 5.404802686922067362e-02 1.052727092138237008e+00
2.100606443039755522e+00 2.848256928908980079e+00 5.052738851348044513e-02 9.841517929241471174e-01
2.848256928908980079e+00 3.862012115576700655e+00 4.775425487686951742e-02 9.304004748668002200e-01
3.862012115576700655e+00 5.236584322670087666e+00 4.557897179426366463e-02 8.880827235491310923e-01
5.236584322670087666e+00 7.100395997680434945e+00 4.407061429619754667e-02 8.587429188351809461e-01
7.100395997680434945e+00 9.627577867049382121e+00 4.317977890156618481e-02 8.413274439414611949e-01
9.627577867049382121e+00 1.305423748427261188e+01 4.264317362424684121e-02 8.303895375089944686e-01
1.305423748427261188e+01 1.770051810009568172e+01 4.245862257161293896e-02 8.262694079120143087e-01
1.770051810009568172e+01 2.400050875352008006e+01 4.219881686336609400e-02 8.192349040726838449e-01
2.400050875352008006e+01 3.254279999999999973e+01 4.125902566854648679e-02 7.972066199760604599e-01
