1.000000000000000056e-01 1.355921257095313026e-01 7.313893141115342111e-02 1.416770502512655128e+00
1.355921257095313026e-01 1.838522455442933856e-01 7.113533995644792662e-02 1.384036236289321486e+00
1.838522455442933856e-01 2.492891678982144810e-01 6.896955510597392591e-02 1.342060695976883267e+00
2.492891678982144810e-01 3.380164819167915113e-01 6.644578092877523323e-02 1.293492952139053687e+00
3.380164819167915113e-01 4.583237330795510434e-01 6.446842491524207297e-02 1.252810844371377241e+00
4.583237330795510434e-01 6.214508923138416518e-01 6.236559345119031816e-02 1.213626639154801623e+00
6.214508923138416518e-01 8.426384751291882136e-01 5.940077111651840408e-02 1.156295044950462314e+00
8.426384751291882136e-01 1.142551420474046342e+00 5.502912452210670380e-02 1.071619168638635600e+00
1.142551420474046342e+00 1.549209758345204913e+00 5.257304643770533553e-02 1.024349626267028412e+00
1.549209758345204913e+00 2.100606443039755522e+00 5.201479431814311216e-02 1.013729700223475971e+00
2.100606443039755522e+00 2.848256928908980079e+00 5.136774114276358022e-02 1.001144547328757906e+00
2.848256928908980079e+00 3.862012115576700655e+00 4.902334315928434660e-02 9.554544711479348029e-01
3.862012115576700655e+00 5.236584322670087666e+00 4.637392028964817947e-02 9.038884242501155075e-01
5.236584322670087666e+00 7.100395997680434945e+00 4.423406495792110704e-02 8.621347114007390511e-01
7.100395997680434945e+00 9.627577867049382121e+00 4.284739907600051967e-02 8.350930264008226134e-01
9.627577867049382121e+00 1.305423748427261188e+01 4.190560682166470652e-02 8.166868250326566603e-01
1.305423748427261188e+01 1.770051810009568172e+01 4.149081581949591591e-02 8.084590794795563085e-01
1.770051810009568172e+01 2.400050875352008006e+01 4.088241579408840448e-02 7.961995782869575322e-01
2.400050875352008006e+01 3.254279999999999973e+01 3.974712574812040017e-02 7.728387213905079101e-01
