1.000000000000000056e-01 1.355921257095313026e-01 5.860028291274714529e-02 1.137637369465182235e+00
1.355921257095313026e-01 1.838522455442933856e-01 5.908361166857156038e-02 1.149054046387613992e+00
1.838522455442933856e-01 2.492891678982144810e-01 5.939771212523496657e-02 1.154008840420468474e+00
2.492891678982144810e-01 3.380164819167915113e-01 5.886562060307973937e-02 1.144019549745814768e+00
3.380164819167915113e-01 4.583237330795510434e-01 5.651132040130597139e-02 1.099040830689188786e+00
4.583237330795510434e-01 6.214508923138416518e-01 5.089412256100071807e-02 9.889452193401504498e-01
6.214508923138416518e-01 8.426384751291882136e-01 4.753676891664803533e-02 9.256746997616434047e-01
8.426384751291882136e-01 1.142551420474046342e+00 5.272712236498986599e-02 1.027278730412717556e+00
1.142551420474046342e+00 1.549209758345204913e+00 5.678111287062377610e-02 1.106355692297742888e+00
1.549209758345204913e+00 2.100606443039755522e+00 5.686574975026478102e-02 1.107804342825794874e+00
2.100606443039755522e+00 2.848256928908980079e+00 5.415272533227684371e-02 1.055029251002460366e+00
2.848256928908980079e+00 3.862012115576700655e+00 5.061943676767018119e-02 9.863748087539019327e-01
3.862012115576700655e+00 5.236584322670087666e+00 4.735852644492102859e-02 9.228219045629010298e-01
5.236584322670087666e+00 7.100395997680434945e+00 4.504815889265460782e-02 8.775633057701666129e-01
7.100395997680434945e+00 9.627577867049382121e+00 4.333371500625363137e-02 8.441008449299565175e-01
9.627577867049382121e+00 1.305423748427261188e+01 4.203215143968679762e-02 8.187381608365142949e-01
1.305423748427261188e+01 1.770051810009568172e+01 4.176497895520746989e-02 8.129305596404458045e-01
1.770051810009568172e+01 2.400050875352008006e+01 4.098702773366923180e-02 7.966973902264687935e-01
2.400050875352008006e+01 3.254279999999999973e+01 3.946050683962724209e-02 7.654701178639808923e-01
