1.000000000000000056e-01 1.355921257095313026e-01 5.271645538429047678e-02 1.024998484821755929e+00
1.355921257095313026e-01 1.838522455442933856e-01 4.865697960327561994e-02 9.463839245751272111e-01
1.838522455442933856e-01 2.492891678982144810e-01 4.525607365405154986e-02 8.803462405303478233e-01
2.492891678982144810e-01 3.380164819167915113e-01 4.286405972154030269e-02 8.341693786774418973e-01
3.380164819167915113e-01 4.583237330795510434e-01 4.160858722108511099e-02 8.101381947449818322e-01
4.583237330795510434e-01 6.214508923138416518e-01 4.250221542345700848e-02 8.270433798991431162e-01
6.214508923138416518e-01 8.426384751291882136e-01 4.731244324923878503e-02 9.211064411049718625e-01
8.426384751291882136e-01 1.142551420474046342e+00 5.299103633336555569e-02 1.032044840105353689e+00
1.142551420474046342e+00 1.549209758345204913e+00 5.540554047587413489e-02 1.079081970882167951e+00
1.549209758345204913e+00 2.100606443039755522e+00 5.558076382037767382e-02 1.082892940589191166e+00
2.100606443039755522e+00 2.848256928908980079e+00 5.326324462540329291e-02 1.037724006353537343e+00
2.848256928908980079e+00 3.862012115576700655e+00 4.925654987906730176e-02 9.598262496418720202e-01
3.862012115576700655e+00 5.236584322670087666e+00 4.615483068325756943e-02 8.994798644423933620e-01
5.236584322670087666e+00 7.100395997680434945e+00 4.373807168861917893e-02 8.524241686851438127e-01
7.100395997680434945e+00 9.627577867049382121e+00 4.213693624846773927e-02 8.211328692057386913e-01
9.627577867049382121e+00 1.305423748427261188e+01 4.106254927580309938e-02 8.001725835135562459e-01
1.305423748427261188e+01 1.770051810009568172e+01 4.053655024055004275e-02 7.898267388327115945e-01
1.770051810009568172e+01 2.400050875352008006e+01 3.976746888467000418e-02 7.744018289868375149e-01
2.400050875352008006e+01 3.254279999999999973e+01 3.837302908882595648e-02 7.455211081365447079e-01
