1.000000000000000056e-01 1.355921257095313026e-01 6.686425049671673726e-02 1.287604221920127578e+00
1.355921257095313026e-01 1.838522455442933856e-01 6.665892123572993155e-02 1.288260287035433604e+00
1.838522455442933856e-01 2.492891678982144810e-01 6.667182306233983280e-02 1.292049936107264596e+00
2.492891678982144810e-01 3.380164819167915113e-01 6.571815664742371166e-02 1.279086669643506813e+00
3.380164819167915113e-01 4.583237330795510434e-01 6.372421218777135632e-02 1.239596830624410728e+00
4.583237330795510434e-01 6.214508923138416518e-01 6.067891482271346032e-02 1.179050698845487855e+00
6.214508923138416518e-01 8.426384751291882136e-01 5.593962948581582273e-02 1.088034609791182383e+00
8.426384751291882136e-01 1.142551420474046342e+00 5.358621929530534705e-02 1.043324986023848489e+00
1.142551420474046342e+00 1.549209758345204913e+00 5.306813620161951461e-02 1.033567939388766233e+00
1.549209758345204913e+00 2.100606443039755522e+00 5.313887363561470289e-02 1.035525705534968921e+00
2.100606443039755522e+00 2.848256928908980079e+00 5.159902698292326978e-02 1.005530699264001404e+00
2.848256928908980079e+00 3.862012115576700655e+00 4.911234714058164419e-02 9.572165400734532481e-01
3.862012115576700655e+00 5.236584322670087666e+00 4.635098384877352901e-02 9.033648598834909116e-01
5.236584322670087666e+00 7.100395997680434945e+00 4.417323889762000966e-02 8.609745264986086166e-01
7.100395997680434945e+00 9.627577867049382121e+00 4.298966049174812037e-02 8.378377257152473945e-01
9.627577867049382121e+00 1.305423748427261188e+01 4.215556258105976339e-02 8.213173404551948886e-01
1.305423748427261188e+01 1.770051810009568172e+01 4.190095646324231565e-02 8.162278628971093575e-01
1.770051810009568172e+01 2.400050875352008006e+01 4.160746180594824400e-02 8.096559315060977147e-01
2.400050875352008006e+01 3.254279999999999973e+01 4.012961428402286174e-02 7.778771594610546236e-01
