1.000000000000000056e-01 1.355921257095313026e-01 4.908096944392086741e-02 9.378726360263941464e-01
1.355921257095313026e-01 1.838522455442933856e-01 4.514654071114984624e-02 8.733730014776963646e-01
1.838522455442933856e-01 2.492891678982144810e-01 4.396497664616129397e-02 8.504724491831205935e-01
2.492891678982144810e-01 3.380164819167915113e-01 4.334080690894809990e-02 8.402983533885912681e-01
3.380164819167915113e-01 4.583237330795510434e-01 4.460144644027118355e-02 8.673886069123343256e-01
4.583237330795510434e-01 6.214508923138416518e-01 4.846732297655366450e-02 9.428495552937798951e-01
6.214508923138416518e-01 8.426384751291882136e-01 5.333463855134264880e-02 1.038783584201953047e+00
8.426384751291882136e-01 1.142551420474046342e+00 5.608883647872534017e-02 1.092251010547027779e+00
1.142551420474046342e+00 1.549209758345204913e+00 5.616996678584584846e-02 1.094291882473196864e+00
1.549209758345204913e+00 2.100606443039755522e+00 5.462430716435043299e-02 1.064078044746024299e+00
2.100606443039755522e+00 2.848256928908980079e+00 5.167894488676654657e-02 1.006836053894859528e+00
2.848256928908980079e+00 3.862012115576700655e+00 4.817768144865162971e-02 9.387505900145786120e-01
3.862012115576700655e+00 5.236584322670087666e+00 4.567808988070141268e-02 8.899192732032213948e-01
5.236584322670087666e+00 7.100395997680434945e+00 4.392778042497585272e-02 8.556951107776932242e-01
7.100395997680434945e+00 9.627577867049382121e+00 4.299033876556326156e-02 8.373180865967975173e-01
9.627577867049382121e+00 1.305423748427261188e+01 4.239768697241990542e-02 8.251687199744646151e-01
1.305423748427261188e+01 1.770051810009568172e+01 4.227581576391616774e-02 8.215416840133078491e-01
1.770051810009568172e+01 2.400050875352008006e+01 4.199393962798617097e-02 8.145214148082752237e-01
2.400050875352008006e+01 3.254279999999999973e+01 4.095903748876907058e-02 7.905268131730255332e-01
