1.000000000000000056e-01 1.355921257095313026e-01 5.028060991835213434e-02 9.697030740956656958e-01
1.355921257095313026e-01 1.838522455442933856e-01 4.696033557912020207e-02 9.096096871188292798e-01
1.838522455442933856e-01 2.492891678982144810e-01 4.540489821724739278e-02 8.760392265026636371e-01
2.492891678982144810e-01 3.380164819167915113e-01 4.555481647374872572e-02 8.819810294717209675e-01
3.380164819167915113e-01 4.583237330795510434e-01 4.711362571794690951e-02 9.159824645004983612e-01
4.583237330795510434e-01 6.214508923138416518e-01 5.218364067881699903e-02 1.015650795932262263e+00
6.214508923138416518e-01 8.426384751291882136e-01 5.863399862635158832e-02 1.141660984883984264e+00
8.426384751291882136e-01 1.142551420474046342e+00 6.063210031760893348e-02 1.180773187502529575e+00
1.142551420474046342e+00 1.549209758345204913e+00 5.951823696254713442e-02 1.159716942423698383e+00
1.549209758345204913e+00 2.100606443039755522e+00 5.705900390020108431e-02 1.111887402102377020e+00
2.100606443039755522e+00 2.848256928908980079e+00 5.382148577191852440e-02 1.048765388115332486e+00
2.848256928908980079e+00 3.862012115576700655e+00 5.047492043082574265e-02 9.835869959171698040e-01
3.862012115576700655e+00 5.236584322670087666e+00 4.696686288483728489e-02 9.152116902011377952e-01
5.236584322670087666e+00 7.100395997680434945e+00 4.457324442135057047e-02 8.684877619732143117e-01
7.100395997680434945e+00 9.627577867049382121e+00 4.309061066498775378e-02 8.394528419831516208e-01
9.627577867049382121e+00 1.305423748427261188e+01 4.209063501059381179e-02 8.197707923699206756e-01
1.305423748427261188e+01 1.770051810009568172e+01 4.161886523372392704e-02 8.103409983616485235e-01
1.770051810009568172e+01 2.400050875352008006e+01 4.104446144171974148e-02 7.986193930402880614e-01
2.400050875352008006e+01 3.254279999999999973e+01 3.946973578923283765e-02 7.669914818017693481e-01
