1.000000000000000056e-01 1.355921257095313026e-01 7.220312305018680710e-02 1.366485747802204553e+00
1.355921257095313026e-01 1.838522455442933856e-01 6.483267179504999256e-02 1.247195894649120618e+00
1.838522455442933856e-01 2.492891678982144810e-01 5.976868864473773579e-02 1.154204606454007465e+00
2.492891678982144810e-01 3.380164819167915113e-01 5.763605074063512385e-02 1.115516777528543724e+00
3.380164819167915113e-01 4.583237330795510434e-01 5.828490362664186936e-02 1.131882311651282835e+00
4.583237330795510434e-01 6.214508923138416518e-01 6.174587482889826867e-02 1.200939804108055453e+00
6.214508923138416518e-01 8.426384751291882136e-01 6.471784551110189299e-02 1.259550943179891247e+00
8.426384751291882136e-01 1.142551420474046342e+00 6.289083870088936490e-02 1.224488248532633161e+00
1.142551420474046342e+00 1.549209758345204913e+00 5.911997886149063935e-02 1.151494395765986889e+00
1.549209758345204913e+00 2.100606443039755522e+00 5.551995966781331227e-02 1.081584535730364172e+00
2.100606443039755522e+00 2.848256928908980079e+00 5.256086673530875608e-02 1.023670699326852951e+00
2.848256928908980079e+00 3.862012115576700655e+00 4.951967127123427931e-02 9.648255923961990277e-01
3.862012115576700655e+00 5.236584322670087666e+00 4.685762811417366197e-02 9.130885478277684930e-01
5.236584322670087666e+00 7.100395997680434945e+00 4.490260686985087651e-02 8.748531830183029490e-01
7.100395997680434945e+00 9.627577867049382121e+00 4.365791692187211137e-02 8.503956438042017396e-01
9.627577867049382121e+00 1.305423748427261188e+01 4.286651831525224721e-02 8.344486405971991427e-01
1.305423748427261188e+01 1.770051810009568172e+01 4.256895921779471625e-02 8.273357736489874714e-01
1.770051810009568172e+01 2.400050875352008006e+01 4.214298296971303454e-02 8.180288519479103071e-01
2.400050875352008006e+01 3.254279999999999973e+01 4.068840852515780843e-02 7.857857853983990504e-01
