1.000000000000000056e-01 1.355921257095313026e-01 4.768889392462734994e-02 9.209925858070719951e-01
1.355921257095313026e-01 1.838522455442933856e-01 4.510449148991366175e-02 8.751996592018492782e-01
1.838522455442933856e-01 2.492891678982144810e-01 4.296765140648383524e-02 8.341492032026792680e-01
2.492891678982144810e-01 3.380164819167915113e-01 4.165766694950406163e-02 8.095510825275159528e-01
3.380164819167915113e-01 4.583237330795510434e-01 4.173821346373923075e-02 8.126925732118539525e-01
4.583237330795510434e-01 6.214508923138416518e-01 4.411936613039611765e-02 8.579200851901563896e-01
6.214508923138416518e-01 8.426384751291882136e-01 4.900610866293559492e-02 9.543249512882708840e-01
8.426384751291882136e-01 1.142551420474046342e+00 5.396105946989246394e-02 1.051651100481317602e+00
1.142551420474046342e+00 1.549209758345204913e+00 5.741430565673844716e-02 1.118770122605997841e+00
1.549209758345204913e+00 2.100606443039755522e+00 5.689298665536217381e-02 1.108654676284506424e+00
2.100606443039755522e+00 2.848256928908980079e+00 5.405148809354821254e-02 1.053294079543039441e+00
2.848256928908980079e+00 3.862012115576700655e+00 4.991865040266804665e-02 9.728012847297861088e-01
3.862012115576700655e+00 5.236584322670087666e+00 4.638949926854778888e-02 9.040094373172965492e-01
5.236584322670087666e+00 7.100395997680434945e+00 4.391599816458278266e-02 8.557660707176584225e-01
7.100395997680434945e+00 9.627577867049382121e+00 4.239825536807882017e-02 8.261551412548314710e-01
9.627577867049382121e+00 1.305423748427261188e+01 4.138013683915458402e-02 8.061214522169615204e-01
1.305423748427261188e+01 1.770051810009568172e+01 4.079539502202205598e-02 7.944818825997425060e-01
1.770051810009568172e+01 2.400050875352008006e+01 4.004446408493928661e-02 7.793333006284931530e-01
2.400050875352008006e+01 3.254279999999999973e+01 3.839551277460925838e-02 7.458586502761952453e-01
