1.000000000000000056e-01 1.355921257095313026e-01 6.763319783265286933e-02 1.308345553556703456e+00
1.355921257095313026e-01 1.838522455442933856e-01 6.195819738497244933e-02 1.202132143959582233e+00
1.838522455442933856e-01 2.492891678982144810e-01 5.771618344205824841e-02 1.119922690317177061e+00
2.492891678982144810e-01 3.380164819167915113e-01 5.391730163930116143e-02 1.046841170907582885e+00
3.380164819167915113e-01 4.583237330795510434e-01 5.079349855716371737e-02 9.873261381669193870e-01
4.583237330795510434e-01 6.214508923138416518e-01 4.876896440105021879e-02 9.485994947628969554e-01
6.214508923138416518e-01 8.426384751291882136e-01 4.827661848933513522e-02 9.386380986664056847e-01
8.426384751291882136e-01 1.142551420474046342e+00 4.767490516603966472e-02 9.271654803064710570e-01
1.142551420474046342e+00 1.549209758345204913e+00 4.738151796555748613e-02 9.227862800105943730e-01
1.549209758345204913e+00 2.100606443039755522e+00 4.740961890588399341e-02 9.234814555148256332e-01
2.100606443039755522e+00 2.848256928908980079e+00 4.697445090406097978e-02 9.153223181396946684e-01
2.848256928908980079e+00 3.862012115576700655e+00 4.596226859328753772e-02 8.956138693073433243e-01
3.862012115576700655e+00 5.236584322670087666e+00 4.408896748574582525e-02 8.591267447406184532e-01
5.236584322670087666e+00 7.100395997680434945e+00 4.232355220369685145e-02 8.247137411346141533e-01
7.100395997680434945e+00 9.627577867049382121e+00 4.097166913504323577e-02 7.983633409582041596e-01
9.627577867049382121e+00 1.305423748427261188e+01 4.027412955433110758e-02 7.846720122448608281e-01
1.305423748427261188e+01 1.770051810009568172e+01 3.990229299109514932e-02 7.774112111955089333e-01
1.770051810009568172e+01 2.400050875352008006e+01 3.939346712884853052e-02 7.667191670448881835e-01
2.400050875352008006e+01 3.254279999999999973e+01 3.745958717346321160e-02 7.273680555791137703e-01
