1.000000000000000056e-01 1.355921257095313026e-01 4.993287933602205686e-02 9.636377091836864084e-01
1.355921257095313026e-01 1.838522455442933856e-01 4.702475453740001532e-02 9.105697608992859848e-01
1.838522455442933856e-01 2.492891678982144810e-01 4.461811716599357880e-02 8.647855593420965548e-01
2.492891678982144810e-01 3.380164819167915113e-01 4.376084285478526459e-02 8.490633191149575820e-01
3.380164819167915113e-01 4.583237330795510434e-01 4.526779473891225092e-02 8.800478416343171517e-01
4.583237330795510434e-01 6.214508923138416518e-01 4.922339541197482543e-02 9.581742390293460643e-01
6.214508923138416518e-01 8.426384751291882136e-01 5.497023931828182164e-02 1.068927702044325967e+00
8.426384751291882136e-01 1.142551420474046342e+00 5.945982756198534697e-02 1.158022451891485227e+00
1.142551420474046342e+00 1.549209758345204913e+00 6.028770776911772378e-02 1.174503775909653047e+00
1.549209758345204913e+00 2.100606443039755522e+00 5.714359507930839854e-02 1.113567569885149044e+00
2.100606443039755522e+00 2.848256928908980079e+00 5.307414104463875626e-02 1.033742161460602826e+00
2.848256928908980079e+00 3.862012115576700655e+00 4.915138675746062724e-02 9.575806447641074248e-01
3.862012115576700655e+00 5.236584322670087666e+00 4.653491305614922136e-02 9.065321575165631307e-01
5.236584322670087666e+00 7.100395997680434945e+00 4.445591379282385486e-02 8.660912775154278043e-01
7.100395997680434945e+00 9.627577867049382121e+00 4.332144275364955416e-02 8.437032829704983472e-01
9.627577867049382121e+00 1.305423748427261188e+01 4.255273337329389810e-02 8.288379702876539357e-01
1.305423748427261188e+01 1.770051810009568172e+01 4.234257855127769588e-02 8.239610833267537737e-01
1.770051810009568172e+01 2.400050875352008006e+01 4.190699920533397932e-02 8.137101391032531827e-01
2.400050875352008006e+01 3.254279999999999973e+01 4.079507099955902161e-02 7.904071518025407306e-01
