1.000000000000000056e-01 1.355921257095313026e-01 7.589807150724320328e-02 1.475113234842859944e+00
1.355921257095313026e-01 1.838522455442933856e-01 6.953422006735139604e-02 1.351172914432613226e+00
1.838522455442933856e-01 2.492891678982144810e-01 6.315974127571691299e-02 1.226904279113392837e+00
2.492891678982144810e-01 3.380164819167915113e-01 5.802404803612314088e-02 1.126307403097958515e+00
3.380164819167915113e-01 4.583237330795510434e-01 5.256874843409557047e-02 1.021698554775624768e+00
4.583237330795510434e-01 6.214508923138416518e-01 4.806912426308381642e-02 9.339343747424498909e-01
6.214508923138416518e-01 8.426384751291882136e-01 4.558226268938844750e-02 8.874506351913662439e-01
8.426384751291882136e-01 1.142551420474046342e+00 5.033181554775079114e-02 9.805255660060632206e-01
1.142551420474046342e+00 1.549209758345204913e+00 5.530063862251014678e-02 1.077654318072344353e+00
1.549209758345204913e+00 2.100606443039755522e+00 5.562456956016895854e-02 1.083977646436877107e+00
2.100606443039755522e+00 2.848256928908980079e+00 5.307895962996607431e-02 1.034355168780114020e+00
2.848256928908980079e+00 3.862012115576700655e+00 4.991195149313691626e-02 9.726871716558919134e-01
3.862012115576700655e+00 5.236584322670087666e+00 4.704082768283786992e-02 9.167457140491683809e-01
5.236584322670087666e+00 7.100395997680434945e+00 4.479976871143438732e-02 8.730577760438602564e-01
7.100395997680434945e+00 9.627577867049382121e+00 4.335620301042932001e-02 8.448825461672885284e-01
9.627577867049382121e+00 1.305423748427261188e+01 4.206527115804205297e-02 8.195332670371049399e-01
1.305423748427261188e+01 1.770051810009568172e+01 4.181715202966639761e-02 8.144193056257201802e-01
1.770051810009568172e+01 2.400050875352008006e+01 4.128391484472135331e-02 8.035699804295984849e-01
2.400050875352008006e+01 3.254279999999999973e+01 3.985328180446878060e-02 7.749659097066572411e-01
