1.000000000000000056e-01 1.355921257095313026e-01 4.600790946941927390e-02 8.857423257947895090e-01
1.355921257095313026e-01 1.838522455442933856e-01 4.531671476879065713e-02 8.695541838218915354e-01
1.838522455442933856e-01 2.492891678982144810e-01 4.525917078365513518e-02 8.757720189845898950e-01
2.492891678982144810e-01 3.380164819167915113e-01 4.641828535310350140e-02 8.998898640345550648e-01
3.380164819167915113e-01 4.583237330795510434e-01 4.897533729388744983e-02 9.530778997740629865e-01
4.583237330795510434e-01 6.214508923138416518e-01 5.573031125762710480e-02 1.084135118409597087e+00
6.214508923138416518e-01 8.426384751291882136e-01 6.399597618923923148e-02 1.246190023618998000e+00
8.426384751291882136e-01 1.142551420474046342e+00 6.555232729384988244e-02 1.277507265765516431e+00
1.142551420474046342e+00 1.549209758345204913e+00 6.392780236099314395e-02 1.245925227325358708e+00
1.549209758345204913e+00 2.100606443039755522e+00 5.898560464999846181e-02 1.149685551726181254e+00
2.100606443039755522e+00 2.848256928908980079e+00 5.436558365741213372e-02 1.059612495299448121e+00
2.848256928908980079e+00 3.862012115576700655e+00 5.077067180004673358e-02 9.895411407479205446e-01
3.862012115576700655e+00 5.236584322670087666e+00 4.757113677088785353e-02 9.271593511669734555e-01
5.236584322670087666e+00 7.100395997680434945e+00 4.533227959467200224e-02 8.834588179105288264e-01
7.100395997680434945e+00 9.627577867049382121e+00 4.381417539087245627e-02 8.538912340515456556e-01
9.627577867049382121e+00 1.305423748427261188e+01 4.269677907580588655e-02 8.320452901378820876e-01
1.305423748427261188e+01 1.770051810009568172e+01 4.240534018444973297e-02 8.260730243435315812e-01
1.770051810009568172e+01 2.400050875352008006e+01 4.194270966730567068e-02 8.162683841641512617e-01
2.400050875352008006e+01 3.254279999999999973e+01 4.070183771229766295e-02 7.902194480769579865e-01
