1.000000000000000056e-01 1.355921257095313026e-01 5.801893167669547324e-02 1.121358929724335596e+00
1.355921257095313026e-01 1.838522455442933856e-01 5.271027025946393302e-02 1.023286928242020055e+00
1.838522455442933856e-01 2.492891678982144810e-01 4.984451541135045960e-02 9.674461541452541447e-01
2.492891678982144810e-01 3.380164819167915113e-01 4.902593262680019631e-02 9.520568944242450149e-01
3.380164819167915113e-01 4.583237330795510434e-01 4.889500951662583556e-02 9.521074842964747376e-01
4.583237330795510434e-01 6.214508923138416518e-01 5.290397449730840918e-02 1.029535656293732782e+00
6.214508923138416518e-01 8.426384751291882136e-01 5.812905883986015793e-02 1.131710815907261747e+00
8.426384751291882136e-01 1.142551420474046342e+00 5.943539152430698386e-02 1.158126061890875080e+00
1.142551420474046342e+00 1.549209758345204913e+00 5.821629775834956388e-02 1.134394507245547246e+00
1.549209758345204913e+00 2.100606443039755522e+00 5.617425068237087010e-02 1.094625518544006360e+00
2.100606443039755522e+00 2.848256928908980079e+00 5.295124559218588461e-02 1.032018821666421005e+00
2.848256928908980079e+00 3.862012115576700655e+00 4.971009252707221659e-02 9.687747165987544706e-01
3.862012115576700655e+00 5.236584322670087666e+00 4.652593379836125059e-02 9.067703385293199858e-01
5.236584322670087666e+00 7.100395997680434945e+00 4.434640070274311480e-02 8.642818182093514601e-01
7.100395997680434945e+00 9.627577867049382121e+00 4.297581027171733931e-02 8.375765640809887946e-01
9.627577867049382121e+00 1.305423748427261188e+01 4.205068638854893293e-02 8.194638921469072912e-01
1.305423748427261188e+01 1.770051810009568172e+01 4.171323735598946730e-02 8.126949443026217912e-01
1.770051810009568172e+01 2.400050875352008006e+01 4.121319192675036019e-02 8.024727093014966117e-01
2.400050875352008006e+01 3.254279999999999973e+01 3.996624307682362931e-02 7.764280487714860790e-01
