1.000000000000000056e-01 1.355921257095313026e-01 5.592100798086579311e-02 1.083167244115585515e+00
1.355921257095313026e-01 1.838522455442933856e-01 5.665792782565320929e-02 1.098531444667430357e+00
1.838522455442933856e-01 2.492891678982144810e-01 5.718415393999307095e-02 1.107569231126581455e+00
2.492891678982144810e-01 3.380164819167915113e-01 5.692280805000174415e-02 1.107343302683257757e+00
3.380164819167915113e-01 4.583237330795510434e-01 5.743485838566851631e-02 1.117619211827134196e+00
4.583237330795510434e-01 6.214508923138416518e-01 5.861359125566512063e-02 1.140981489737399546e+00
6.214508923138416518e-01 8.426384751291882136e-01 5.899624541888233431e-02 1.149260127019354982e+00
8.426384751291882136e-01 1.142551420474046342e+00 6.049827293044528903e-02 1.178810498610815216e+00
1.142551420474046342e+00 1.549209758345204913e+00 6.055161033535522153e-02 1.180017572550518645e+00
1.549209758345204913e+00 2.100606443039755522e+00 5.852334106012262865e-02 1.140664558190274347e+00
2.100606443039755522e+00 2.848256928908980079e+00 5.537463611140635428e-02 1.079312687795456860e+00
2.848256928908980079e+00 3.862012115576700655e+00 5.153395527717614250e-02 1.004436971071754670e+00
3.862012115576700655e+00 5.236584322670087666e+00 4.789482385360049194e-02 9.335159268079001871e-01
5.236584322670087666e+00 7.100395997680434945e+00 4.531864584516250710e-02 8.832933183356742601e-01
7.100395997680434945e+00 9.627577867049382121e+00 4.338997765116246741e-02 8.456688910751305466e-01
9.627577867049382121e+00 1.305423748427261188e+01 4.179339281815853957e-02 8.145133110201263626e-01
1.305423748427261188e+01 1.770051810009568172e+01 4.132723664000519798e-02 8.052950457056036182e-01
1.770051810009568172e+01 2.400050875352008006e+01 4.038838894247401973e-02 7.869388721472408976e-01
2.400050875352008006e+01 3.254279999999999973e+01 3.829974056773809837e-02 7.457939209084586407e-01
