1.000000000000000056e-01 1.355921257095313026e-01 4.810862215073902909e-02 9.353310750268873930e-01
1.355921257095313026e-01 1.838522455442933856e-01 4.685506732968792304e-02 9.120923314699399542e-01
1.838522455442933856e-01 2.492891678982144810e-01 4.570659795327904062e-02 8.889098961438491875e-01
2.492891678982144810e-01 3.380164819167915113e-01 4.533301259956593748e-02 8.826966377016877141e-01
3.380164819167915113e-01 4.583237330795510434e-01 4.553433866204253944e-02 8.866030559626738583e-01
4.583237330795510434e-01 6.214508923138416518e-01 4.768740646960377416e-02 9.288623901756679624e-01
6.214508923138416518e-01 8.426384751291882136e-01 5.264573472912554425e-02 1.025589477543607186e+00
8.426384751291882136e-01 1.142551420474046342e+00 5.806825891259303346e-02 1.130872621082603668e+00
1.142551420474046342e+00 1.549209758345204913e+00 5.877899021623754494e-02 1.145393187551476677e+00
1.549209758345204913e+00 2.100606443039755522e+00 5.600951450024239248e-02 1.091486798135816949e+00
2.100606443039755522e+00 2.848256928908980079e+00 5.249425492320081155e-02 1.023184066701168682e+00
2.848256928908980079e+00 3.862012115576700655e+00 4.950106635592726317e-02 9.648806130205490605e-01
3.862012115576700655e+00 5.236584322670087666e+00 4.642423809801374951e-02 9.048838654161055484e-01
5.236584322670087666e+00 7.100395997680434945e+00 4.430048398124874359e-02 8.635139372853352091e-01
7.100395997680434945e+00 9.627577867049382121e+00 4.297063426896504529e-02 8.375587693805283118e-01
9.627577867049382121e+00 1.305423748427261188e+01 4.211200518235573564e-02 8.207837210731910860e-01
1.305423748427261188e+01 1.770051810009568172e+01 4.181538279588839502e-02 8.149399528182984520e-01
1.770051810009568172e+01 2.400050875352008006e+01 4.133726532631906703e-02 8.055122674621129075e-01
2.400050875352008006e+01 3.254279999999999973e+01 3.984714582863643079e-02 7.760567338927855108e-01
