1.000000000000000056e-01 1.355921257095313026e-01 4.113690709581666050e-02 8.006559771434830219e-01
1.355921257095313026e-01 1.838522455442933856e-01 4.444850532253102893e-02 8.652980155660543460e-01
1.838522455442933856e-01 2.492891678982144810e-01 4.807294131863622255e-02 9.357296671398908083e-01
2.492891678982144810e-01 3.380164819167915113e-01 5.143192233916417389e-02 1.002317263620991161e+00
3.380164819167915113e-01 4.583237330795510434e-01 5.419912923858788423e-02 1.055998332526126626e+00
4.583237330795510434e-01 6.214508923138416518e-01 5.606095909959835782e-02 1.092405931769281136e+00
6.214508923138416518e-01 8.426384751291882136e-01 5.586811499725887614e-02 1.088193901840619704e+00
8.426384751291882136e-01 1.142551420474046342e+00 5.734040464172242280e-02 1.116933330159715076e+00
1.142551420474046342e+00 1.549209758345204913e+00 5.724054452204261484e-02 1.115036444836404073e+00
1.549209758345204913e+00 2.100606443039755522e+00 5.538005902178494422e-02 1.079138559119333651e+00
2.100606443039755522e+00 2.848256928908980079e+00 5.212132685979137953e-02 1.015800029918637826e+00
2.848256928908980079e+00 3.862012115576700655e+00 4.919789908416035557e-02 9.588184916499349342e-01
3.862012115576700655e+00 5.236584322670087666e+00 4.611282017457336846e-02 8.987750611136925416e-01
5.236584322670087666e+00 7.100395997680434945e+00 4.422764193441423158e-02 8.619794681827616101e-01
7.100395997680434945e+00 9.627577867049382121e+00 4.293567941897680207e-02 8.367122124275016004e-01
9.627577867049382121e+00 1.305423748427261188e+01 4.214778229082607325e-02 8.211420523669955562e-01
1.305423748427261188e+01 1.770051810009568172e+01 4.199994658096840167e-02 8.178585468505625844e-01
1.770051810009568172e+01 2.400050875352008006e+01 4.143017214549887806e-02 8.060910081951047079e-01
2.400050875352008006e+01 3.254279999999999973e+01 3.966671076990493233e-02 7.703767778033322466e-01
