1.000000000000000056e-01 1.355921257095313026e-01 6.233253013653152624e-02 1.203797260850362427e+00
1.355921257095313026e-01 1.838522455442933856e-01 5.801478002877476225e-02 1.124456841328321133e+00
1.838522455442933856e-01 2.492891678982144810e-01 5.376899399860546325e-02 1.040133473708146017e+00
2.492891678982144810e-01 3.380164819167915113e-01 5.090611785526530375e-02 9.876547864540051735e-01
3.380164819167915113e-01 4.583237330795510434e-01 4.972414514929030666e-02 9.660070195351274647e-01
4.583237330795510434e-01 6.214508923138416518e-01 5.102058618648678406e-02 9.928031824782722614e-01
6.214508923138416518e-01 8.426384751291882136e-01 5.475098325659502607e-02 1.065894940777292188e+00
8.426384751291882136e-01 1.142551420474046342e+00 5.754618616807304077e-02 1.120332513348504477e+00
1.142551420474046342e+00 1.549209758345204913e+00 5.674578269457918045e-02 1.105299628686625679e+00
1.549209758345204913e+00 2.100606443039755522e+00 5.503283924928444731e-02 1.072192803798186045e+00
2.100606443039755522e+00 2.848256928908980079e+00 5.227509094912003579e-02 1.018661739888306217e+00
2.848256928908980079e+00 3.862012115576700655e+00 4.940432849962508172e-02 9.627592627576342377e-01
3.862012115576700655e+00 5.236584322670087666e+00 4.633652276765316130e-02 9.030106093691468994e-01
5.236584322670087666e+00 7.100395997680434945e+00 4.413808576612111151e-02 8.601310084911799603e-01
7.100395997680434945e+00 9.627577867049382121e+00 4.272378130588237038e-02 8.324993916223617507e-01
9.627577867049382121e+00 1.305423748427261188e+01 4.175240626170002856e-02 8.135500331275705710e-01
1.305423748427261188e+01 1.770051810009568172e+01 4.146362633935161968e-02 8.074185632780821464e-01
1.770051810009568172e+01 2.400050875352008006e+01 4.108174462912562303e-02 7.994452364334195815e-01
2.400050875352008006e+01 3.254279999999999973e+01 3.961849867424115101e-02 7.692519170881296775e-01
