1.000000000000000056e-01 1.355921257095313026e-01 5.125304879746511721e-02 9.685062520062337477e-01
1.355921257095313026e-01 1.838522455442933856e-01 4.857964288702643768e-02 9.339504290571259970e-01
1.838522455442933856e-01 2.492891678982144810e-01 4.749938374007812991e-02 9.218141608723847691e-01
2.492891678982144810e-01 3.380164819167915113e-01 4.823628198218942592e-02 9.380341741431620362e-01
3.380164819167915113e-01 4.583237330795510434e-01 5.088141144457993675e-02 9.890515224194437183e-01
4.583237330795510434e-01 6.214508923138416518e-01 5.683329521073287455e-02 1.106043514989083265e+00
6.214508923138416518e-01 8.426384751291882136e-01 6.148058533155036781e-02 1.196483002380622773e+00
8.426384751291882136e-01 1.142551420474046342e+00 6.293625313700079715e-02 1.225459271143248818e+00
1.142551420474046342e+00 1.549209758345204913e+00 6.006943238584126765e-02 1.170465769803971323e+00
1.549209758345204913e+00 2.100606443039755522e+00 5.607977502317812446e-02 1.092917106508822123e+00
2.100606443039755522e+00 2.848256928908980079e+00 5.229856385268957103e-02 1.019183341112207097e+00
2.848256928908980079e+00 3.862012115576700655e+00 4.920911651287915300e-02 9.589583197566614592e-01
3.862012115576700655e+00 5.236584322670087666e+00 4.678032362687824935e-02 9.112288795136121999e-01
5.236584322670087666e+00 7.100395997680434945e+00 4.490783874241051354e-02 8.747276727404107444e-01
7.100395997680434945e+00 9.627577867049382121e+00 4.400571960275469902e-02 8.571453531730053310e-01
9.627577867049382121e+00 1.305423748427261188e+01 4.359182847331802974e-02 8.485634366925340899e-01
1.305423748427261188e+01 1.770051810009568172e+01 4.364933384838351471e-02 8.496386525151469193e-01
1.770051810009568172e+01 2.400050875352008006e+01 4.330868307185983118e-02 8.412558380840620131e-01
2.400050875352008006e+01 3.254279999999999973e+01 4.205542202066006596e-02 8.126161950534218636e-01
