1.000000000000000056e-01 1.355921257095313026e-01 2.950938259033644706e-02 5.695796938676448429e-01
1.355921257095313026e-01 1.838522455442933856e-01 3.192053327482739095e-02 6.189867439131955251e-01
1.838522455442933856e-01 2.492891678982144810e-01 3.501404368280336410e-02 6.801078564363349788e-01
2.492891678982144810e-01 3.380164819167915113e-01 3.866365756085395761e-02 7.522513781661563925e-01
3.380164819167915113e-01 4.583237330795510434e-01 4.283607767805594491e-02 8.343503599594565001e-01
4.583237330795510434e-01 6.214508923138416518e-01 4.919016434070856703e-02 9.578816877723252965e-01
6.214508923138416518e-01 8.426384751291882136e-01 5.731752552167466985e-02 1.116843647193947575e+00
8.426384751291882136e-01 1.142551420474046342e+00 6.355054799269141408e-02 1.238254842841035153e+00
1.142551420474046342e+00 1.549209758345204913e+00 6.432400210484080783e-02 1.253578857189157736e+00
1.549209758345204913e+00 2.100606443039755522e+00 5.817276134791275061e-02 1.133773292247962416e+00
2.100606443039755522e+00 2.848256928908980079e+00 5.325898767150397811e-02 1.038005677401236060e+00
2.848256928908980079e+00 3.862012115576700655e+00 4.985094826941566942e-02 9.715712099018413150e-01
3.862012115576700655e+00 5.236584322670087666e+00 4.651529509066100465e-02 9.065249856611929946e-01
5.236584322670087666e+00 7.100395997680434945e+00 4.440287559734884537e-02 8.653173202520085816e-01
7.100395997680434945e+00 9.627577867049382121e+00 4.300249915405134765e-02 8.379889007737648665e-01
9.627577867049382121e+00 1.305423748427261188e+01 4.220988714379645540e-02 8.222137348345748276e-01
1.305423748427261188e+01 1.770051810009568172e+01 4.179644245120096163e-02 8.139501876050347917e-01
1.770051810009568172e+01 2.400050875352008006e+01 4.128519182525336451e-02 8.031061200963910407e-01
2.400050875352008006e+01 3.254279999999999973e+01 3.972887829653936470e-02 7.708142236628553468e-01
