1.000000000000000056e-01 1.355921257095313026e-01 2.958964970281266829e-02 5.729134370933955944e-01
1.355921257095313026e-01 1.838522455442933856e-01 3.077446153209090901e-02 5.985037656137244255e-01
1.838522455442933856e-01 2.492891678982144810e-01 3.237387390735156634e-02 6.295579917608665754e-01
2.492891678982144810e-01 3.380164819167915113e-01 3.412926692586237126e-02 6.630496816268911520e-01
3.380164819167915113e-01 4.583237330795510434e-01 3.667332983310109956e-02 7.133217498917574506e-01
4.583237330795510434e-01 6.214508923138416518e-01 4.049794841857395217e-02 7.873903686269088098e-01
6.214508923138416518e-01 8.426384751291882136e-01 4.551545836761523162e-02 8.859826401311065025e-01
8.426384751291882136e-01 1.142551420474046342e+00 5.040812045018451537e-02 9.816749989322042236e-01
1.142551420474046342e+00 1.549209758345204913e+00 5.482440937694878225e-02 1.067581455193948647e+00
1.549209758345204913e+00 2.100606443039755522e+00 5.642034111066646790e-02 1.098473160801865856e+00
2.100606443039755522e+00 2.848256928908980079e+00 5.459551494634782426e-02 1.063249748681174722e+00
2.848256928908980079e+00 3.862012115576700655e+00 5.037845056199886928e-02 9.815235971435716245e-01
3.862012115576700655e+00 5.236584322670087666e+00 4.599216928545787897e-02 8.960373711275446684e-01
5.236584322670087666e+00 7.100395997680434945e+00 4.337484744218236821e-02 8.450410723935030122e-01
7.100395997680434945e+00 9.627577867049382121e+00 4.189797123339282503e-02 8.161917961264641974e-01
9.627577867049382121e+00 1.305423748427261188e+01 4.108464766300822663e-02 8.001528178329885277e-01
1.305423748427261188e+01 1.770051810009568172e+01 4.079520406244258740e-02 7.941312941274600856e-01
1.770051810009568172e+01 2.400050875352008006e+01 4.020515137534153710e-02 7.819800001472633211e-01
2.400050875352008006e+01 3.254279999999999973e+01 3.860607496192718091e-02 7.493019924666565190e-01
