1.000000000000000056e-01 1.355921257095313026e-01 5.863224990004372444e-02 1.127675815930821113e+00
1.355921257095313026e-01 1.838522455442933856e-01 5.314689578375115381e-02 1.014316354745933957e+00
1.838522455442933856e-01 2.492891678982144810e-01 4.935852442628684000e-02 9.529851883002044000e-01
2.492891678982144810e-01 3.380164819167915113e-01 4.787392119097600568e-02 9.219190871689330047e-01
3.380164819167915113e-01 4.583237330795510434e-01 4.901479925340614802e-02 9.490623628068309836e-01
4.583237330795510434e-01 6.214508923138416518e-01 5.250071692702413390e-02 1.020126847397044179e+00
6.214508923138416518e-01 8.426384751291882136e-01 5.778714349647409015e-02 1.124599061015946422e+00
8.426384751291882136e-01 1.142551420474046342e+00 6.016833092640910818e-02 1.171510910044365472e+00
1.142551420474046342e+00 1.549209758345204913e+00 5.785565311566216035e-02 1.126993507245787063e+00
1.549209758345204913e+00 2.100606443039755522e+00 5.490015788729413898e-02 1.069651113410130083e+00
2.100606443039755522e+00 2.848256928908980079e+00 5.150677200866687205e-02 1.003387628464680992e+00
2.848256928908980079e+00 3.862012115576700655e+00 4.814618833499173522e-02 9.381334323878405268e-01
3.862012115576700655e+00 5.236584322670087666e+00 4.579589893655615362e-02 8.924032534027186436e-01
5.236584322670087666e+00 7.100395997680434945e+00 4.403811494399838961e-02 8.578996110022343302e-01
7.100395997680434945e+00 9.627577867049382121e+00 4.311578404620141497e-02 8.399073658726554648e-01
9.627577867049382121e+00 1.305423748427261188e+01 4.242743199885967015e-02 8.256479894611551407e-01
1.305423748427261188e+01 1.770051810009568172e+01 4.222539445935596242e-02 8.206982345589911576e-01
1.770051810009568172e+01 2.400050875352008006e+01 4.179832471819674294e-02 8.101844534079938320e-01
2.400050875352008006e+01 3.254279999999999973e+01 4.081034302582909473e-02 7.873684091958116360e-01
