1.000000000000000056e-01 1.355921257095313026e-01 7.112915977720850325e-02 1.359477244371199323e+00
1.355921257095313026e-01 1.838522455442933856e-01 6.432044555297929123e-02 1.235186122442254675e+00
1.838522455442933856e-01 2.492891678982144810e-01 6.019381435629506810e-02 1.164296422153906052e+00
2.492891678982144810e-01 3.380164819167915113e-01 5.677400718841241201e-02 1.100374639603926230e+00
3.380164819167915113e-01 4.583237330795510434e-01 5.608866506718533651e-02 1.090906011373207196e+00
4.583237330795510434e-01 6.214508923138416518e-01 5.838970428590396083e-02 1.135254896419838344e+00
6.214508923138416518e-01 8.426384751291882136e-01 6.087667386102248862e-02 1.185286580359157904e+00
8.426384751291882136e-01 1.142551420474046342e+00 6.041810874882602017e-02 1.176934794121208494e+00
1.142551420474046342e+00 1.549209758345204913e+00 5.914449466640207820e-02 1.152587506659706884e+00
1.549209758345204913e+00 2.100606443039755522e+00 5.639926356741005453e-02 1.098951032408054918e+00
2.100606443039755522e+00 2.848256928908980079e+00 5.298901060076111058e-02 1.032477192255002230e+00
2.848256928908980079e+00 3.862012115576700655e+00 4.962905561711501712e-02 9.671419364763192972e-01
3.862012115576700655e+00 5.236584322670087666e+00 4.665377260067877369e-02 9.091246489406104025e-01
5.236584322670087666e+00 7.100395997680434945e+00 4.466366638400239703e-02 8.703976459968911783e-01
7.100395997680434945e+00 9.627577867049382121e+00 4.348081768140921871e-02 8.471606950152160698e-01
9.627577867049382121e+00 1.305423748427261188e+01 4.271526404327812693e-02 8.319839569438112203e-01
1.305423748427261188e+01 1.770051810009568172e+01 4.256132314545596484e-02 8.284155837953661727e-01
1.770051810009568172e+01 2.400050875352008006e+01 4.211957717940453122e-02 8.187114817322873606e-01
2.400050875352008006e+01 3.254279999999999973e+01 4.088578665663788331e-02 7.923154534544695204e-01
