1.000000000000000056e-01 1.355921257095313026e-01 5.335493690916074533e-02 1.021342587604928021e+00
1.355921257095313026e-01 1.838522455442933856e-01 4.849297985194935684e-02 9.368611779133131368e-01
1.838522455442933856e-01 2.492891678982144810e-01 4.536863706413714337e-02 8.794351450347387411e-01
2.492891678982144810e-01 3.380164819167915113e-01 4.406635328268196372e-02 8.528463831283270569e-01
3.380164819167915113e-01 4.583237330795510434e-01 4.489090050964631567e-02 8.727160286431064895e-01
4.583237330795510434e-01 6.214508923138416518e-01 4.891854848536861256e-02 9.525557113827854971e-01
6.214508923138416518e-01 8.426384751291882136e-01 5.518949596124771151e-02 1.074136318683929225e+00
8.426384751291882136e-01 1.142551420474046342e+00 6.062627284472350137e-02 1.180923809393667812e+00
1.142551420474046342e+00 1.549209758345204913e+00 6.093117700360091427e-02 1.187340230147552411e+00
1.549209758345204913e+00 2.100606443039755522e+00 5.737428720107558971e-02 1.117827997076040081e+00
2.100606443039755522e+00 2.848256928908980079e+00 5.308614683785448096e-02 1.034614554523132446e+00
2.848256928908980079e+00 3.862012115576700655e+00 4.971227770936376134e-02 9.687443384239956545e-01
3.862012115576700655e+00 5.236584322670087666e+00 4.665086877319309100e-02 9.091505648202915513e-01
5.236584322670087666e+00 7.100395997680434945e+00 4.449038072629416668e-02 8.669097469888452645e-01
7.100395997680434945e+00 9.627577867049382121e+00 4.316219926961035319e-02 8.410489616115564004e-01
9.627577867049382121e+00 1.305423748427261188e+01 4.224730715082015975e-02 8.230236997220340411e-01
1.305423748427261188e+01 1.770051810009568172e+01 4.195866362616964412e-02 8.171149804505976055e-01
1.770051810009568172e+01 2.400050875352008006e+01 4.152576510073815313e-02 8.081722030975296844e-01
2.400050875352008006e+01 3.254279999999999973e+01 4.024469398559356315e-02 7.816606633139541183e-01
