1.000000000000000056e-01 1.355921257095313026e-01 4.468989783706363295e-02 8.624337078868467010e-01
1.355921257095313026e-01 1.838522455442933856e-01 4.271484140031513860e-02 8.288157474546601344e-01
1.838522455442933856e-01 2.492891678982144810e-01 4.086582634091141114e-02 7.933536100223097520e-01
2.492891678982144810e-01 3.380164819167915113e-01 4.042316765791848648e-02 7.852528392910870236e-01
3.380164819167915113e-01 4.583237330795510434e-01 4.106796486014498843e-02 7.978929754719670253e-01
4.583237330795510434e-01 6.214508923138416518e-01 4.398906920623928130e-02 8.561440383948853983e-01
6.214508923138416518e-01 8.426384751291882136e-01 5.017390542309299595e-02 9.768646039232151690e-01
8.426384751291882136e-01 1.142551420474046342e+00 5.770486077501606886e-02 1.123900585921334461e+00
1.142551420474046342e+00 1.549209758345204913e+00 6.157395832543192948e-02 1.199455427594319223e+00
1.549209758345204913e+00 2.100606443039755522e+00 5.877980816226598820e-02 1.145201591748991943e+00
2.100606443039755522e+00 2.848256928908980079e+00 5.434708585063350444e-02 1.059093917391151995e+00
2.848256928908980079e+00 3.862012115576700655e+00 5.005080410160112764e-02 9.753283372828949194e-01
3.862012115576700655e+00 5.236584322670087666e+00 4.661690207900082150e-02 9.084723840210097157e-01
5.236584322670087666e+00 7.100395997680434945e+00 4.417710011414810456e-02 8.609240787979158815e-01
7.100395997680434945e+00 9.627577867049382121e+00 4.266624840796347240e-02 8.313717770030623067e-01
9.627577867049382121e+00 1.305423748427261188e+01 4.158465401189705146e-02 8.102690618463733729e-01
1.305423748427261188e+01 1.770051810009568172e+01 4.102912051374564550e-02 7.991722422727287611e-01
1.770051810009568172e+01 2.400050875352008006e+01 4.027020790644012666e-02 7.839910131481226951e-01
2.400050875352008006e+01 3.254279999999999973e+01 3.862256606991529284e-02 7.502316101291051087e-01
