1.000000000000000056e-01 1.355921257095313026e-01 8.755147337507102057e-02 1.685732235491086861e+00
1.355921257095313026e-01 1.838522455442933856e-01 8.226542502227394971e-02 1.594445380247609068e+00
1.838522455442933856e-01 2.492891678982144810e-01 7.832042249797319111e-02 1.509325418154690457e+00
2.492891678982144810e-01 3.380164819167915113e-01 7.218592564501331854e-02 1.395421637812817695e+00
3.380164819167915113e-01 4.583237330795510434e-01 6.443252642152805243e-02 1.248772274125861115e+00
4.583237330795510434e-01 6.214508923138416518e-01 5.588286134368129071e-02 1.086297489225787505e+00
6.214508923138416518e-01 8.426384751291882136e-01 5.533038807645063173e-02 1.077056847658309779e+00
8.426384751291882136e-01 1.142551420474046342e+00 5.745225036539978319e-02 1.119639398180737766e+00
1.142551420474046342e+00 1.549209758345204913e+00 5.912261068074473047e-02 1.152185245080380005e+00
1.549209758345204913e+00 2.100606443039755522e+00 5.812926072051150667e-02 1.132836559559735834e+00
2.100606443039755522e+00 2.848256928908980079e+00 5.530274340360911978e-02 1.077877453606320923e+00
2.848256928908980079e+00 3.862012115576700655e+00 5.151611583494827840e-02 1.004028650815307566e+00
3.862012115576700655e+00 5.236584322670087666e+00 4.792345666795833764e-02 9.338391617529433475e-01
5.236584322670087666e+00 7.100395997680434945e+00 4.534673979402093630e-02 8.836721187865035354e-01
7.100395997680434945e+00 9.627577867049382121e+00 4.344281979132813554e-02 8.465711665749769965e-01
9.627577867049382121e+00 1.305423748427261188e+01 4.185390366845313098e-02 8.154228205813911501e-01
1.305423748427261188e+01 1.770051810009568172e+01 4.136224364591542524e-02 8.057290956864625597e-01
1.770051810009568172e+01 2.400050875352008006e+01 4.041765103461994468e-02 7.870722036325306092e-01
2.400050875352008006e+01 3.254279999999999973e+01 3.846868195379937044e-02 7.480853114395715764e-01
