1.000000000000000056e-01 1.355921257095313026e-01 4.125013201736126012e-02 7.972931448560204304e-01
1.355921257095313026e-01 1.838522455442933856e-01 3.992580884227490967e-02 7.728397514418314795e-01
1.838522455442933856e-01 2.492891678982144810e-01 3.986999786194498491e-02 7.724599301515331362e-01
2.492891678982144810e-01 3.380164819167915113e-01 4.036827848571766103e-02 7.825968778661257508e-01
3.380164819167915113e-01 4.583237330795510434e-01 4.226479957368089319e-02 8.212874782606141011e-01
4.583237330795510434e-01 6.214508923138416518e-01 4.656428029008813363e-02 9.056133733674116559e-01
6.214508923138416518e-01 8.426384751291882136e-01 5.188652913784571469e-02 1.009904124434178430e+00
8.426384751291882136e-01 1.142551420474046342e+00 5.509361036984782023e-02 1.072873885462658272e+00
1.142551420474046342e+00 1.549209758345204913e+00 5.637637372118123325e-02 1.098222361527278146e+00
1.549209758345204913e+00 2.100606443039755522e+00 5.598072191489789073e-02 1.090713162689723736e+00
2.100606443039755522e+00 2.848256928908980079e+00 5.369145912018141037e-02 1.046038092965849930e+00
2.848256928908980079e+00 3.862012115576700655e+00 4.988720266244022622e-02 9.721054423016929347e-01
3.862012115576700655e+00 5.236584322670087666e+00 4.658488008961976512e-02 9.078214645715819708e-01
5.236584322670087666e+00 7.100395997680434945e+00 4.417533867520467838e-02 8.609584144084555524e-01
7.100395997680434945e+00 9.627577867049382121e+00 4.288864365930081940e-02 8.358537707749305046e-01
9.627577867049382121e+00 1.305423748427261188e+01 4.201914349253948328e-02 8.187021341954239251e-01
1.305423748427261188e+01 1.770051810009568172e+01 4.159734149654434332e-02 8.103122213435353105e-01
1.770051810009568172e+01 2.400050875352008006e+01 4.102826841096900157e-02 7.985376516699118632e-01
2.400050875352008006e+01 3.254279999999999973e+01 3.988458092156837304e-02 7.742055896356235811e-01
