1.000000000000000056e-01 1.355921257095313026e-01 5.688210025066315484e-02 1.092838563497261495e+00
1.355921257095313026e-01 1.838522455442933856e-01 5.354211710600866037e-02 1.038499181080574374e+00
1.838522455442933856e-01 2.492891678982144810e-01 5.140084306077721127e-02 9.984916075795844392e-01
2.492891678982144810e-01 3.380164819167915113e-01 5.012317253843610876e-02 9.729985051745985158e-01
3.380164819167915113e-01 4.583237330795510434e-01 4.953089828427220676e-02 9.633970092123226303e-01
4.583237330795510434e-01 6.214508923138416518e-01 5.138409881633480836e-02 1.000088918538181160e+00
6.214508923138416518e-01 8.426384751291882136e-01 5.438081012601415909e-02 1.058810254586790789e+00
8.426384751291882136e-01 1.142551420474046342e+00 5.578546930574964507e-02 1.085854858865355821e+00
1.142551420474046342e+00 1.549209758345204913e+00 5.598060110048393850e-02 1.089926927740500373e+00
1.549209758345204913e+00 2.100606443039755522e+00 5.414068124399259302e-02 1.054700251034191627e+00
2.100606443039755522e+00 2.848256928908980079e+00 5.103823335828959473e-02 9.942471790499373130e-01
2.848256928908980079e+00 3.862012115576700655e+00 4.814898158647056697e-02 9.379568520520218389e-01
3.862012115576700655e+00 5.236584322670087666e+00 4.562440375000147846e-02 8.888540938124541713e-01
5.236584322670087666e+00 7.100395997680434945e+00 4.385862404494798167e-02 8.542091373621455430e-01
7.100395997680434945e+00 9.627577867049382121e+00 4.260984985733046876e-02 8.296993132801481208e-01
9.627577867049382121e+00 1.305423748427261188e+01 4.191288623728328666e-02 8.156948665407036669e-01
1.305423748427261188e+01 1.770051810009568172e+01 4.155558389177056722e-02 8.083016899973139990e-01
1.770051810009568172e+01 2.400050875352008006e+01 4.100152864277451653e-02 7.970266601688457131e-01
2.400050875352008006e+01 3.254279999999999973e+01 3.958942568134225792e-02 7.674065039040137703e-01
