1.000000000000000056e-01 1.355921257095313026e-01 5.322720987697359546e-02 1.036906601416354823e+00
1.355921257095313026e-01 1.838522455442933856e-01 4.979322615678083430e-02 9.697998491094377282e-01
1.838522455442933856e-01 2.492891678982144810e-01 4.721967732917054655e-02 9.192983298158742267e-01
2.492891678982144810e-01 3.380164819167915113e-01 4.524505713505279358e-02 8.813469452488691402e-01
3.380164819167915113e-01 4.583237330795510434e-01 4.422101947530955590e-02 8.608858369872853800e-01
4.583237330795510434e-01 6.214508923138416518e-01 4.538665085792359388e-02 8.842173541095021960e-01
6.214508923138416518e-01 8.426384751291882136e-01 5.171492148257394311e-02 1.007529652022564726e+00
8.426384751291882136e-01 1.142551420474046342e+00 5.992228977760716974e-02 1.167619470422187167e+00
1.142551420474046342e+00 1.549209758345204913e+00 6.165905904078401029e-02 1.201798147094290448e+00
1.549209758345204913e+00 2.100606443039755522e+00 5.891283401184976842e-02 1.148193776922323828e+00
2.100606443039755522e+00 2.848256928908980079e+00 5.471982573375520215e-02 1.066542365209495191e+00
2.848256928908980079e+00 3.862012115576700655e+00 5.129427475410260062e-02 9.997228269163117576e-01
3.862012115576700655e+00 5.236584322670087666e+00 4.776919237764697124e-02 9.309952088936872538e-01
5.236584322670087666e+00 7.100395997680434945e+00 4.528294773316503957e-02 8.825496896471599628e-01
7.100395997680434945e+00 9.627577867049382121e+00 4.354533371147173426e-02 8.485654374944112677e-01
9.627577867049382121e+00 1.305423748427261188e+01 4.191812783105158119e-02 8.168558047110817677e-01
1.305423748427261188e+01 1.770051810009568172e+01 4.159405589771270062e-02 8.103892120099657204e-01
1.770051810009568172e+01 2.400050875352008006e+01 4.085190290863882634e-02 7.956410299043735757e-01
2.400050875352008006e+01 3.254279999999999973e+01 3.909266229516936142e-02 7.603852318647774666e-01
