1.000000000000000056e-01 1.355921257095313026e-01 3.590892908849201842e-02 6.969117042733780076e-01
1.355921257095313026e-01 1.838522455442933856e-01 3.700975809015785017e-02 7.190272414459318862e-01
1.838522455442933856e-01 2.492891678982144810e-01 3.819217518844014031e-02 7.423664822330167112e-01
2.492891678982144810e-01 3.380164819167915113e-01 3.990111298123057842e-02 7.764968341746933955e-01
3.380164819167915113e-01 4.583237330795510434e-01 4.234497525864855394e-02 8.249673231109783123e-01
4.583237330795510434e-01 6.214508923138416518e-01 4.651949877661417515e-02 9.058973266877832220e-01
6.214508923138416518e-01 8.426384751291882136e-01 5.481997099794611722e-02 1.067914348074218145e+00
8.426384751291882136e-01 1.142551420474046342e+00 6.687395719818754747e-02 1.302885558391278620e+00
1.142551420474046342e+00 1.549209758345204913e+00 6.562468202858706690e-02 1.278964014231056545e+00
1.549209758345204913e+00 2.100606443039755522e+00 5.864743729425066915e-02 1.142887476337594022e+00
2.100606443039755522e+00 2.848256928908980079e+00 5.293725343491006291e-02 1.031663466793022899e+00
2.848256928908980079e+00 3.862012115576700655e+00 4.943550113654199274e-02 9.633759356734729051e-01
3.862012115576700655e+00 5.236584322670087666e+00 4.627039643572547489e-02 9.016231806127582571e-01
5.236584322670087666e+00 7.100395997680434945e+00 4.428564425391584569e-02 8.630140959990965088e-01
7.100395997680434945e+00 9.627577867049382121e+00 4.295829679923967442e-02 8.371696853487456957e-01
9.627577867049382121e+00 1.305423748427261188e+01 4.213280428656546867e-02 8.207566195444762069e-01
1.305423748427261188e+01 1.770051810009568172e+01 4.189900582079919555e-02 8.159105573883926876e-01
1.770051810009568172e+01 2.400050875352008006e+01 4.132680974083344921e-02 8.036970723432005359e-01
2.400050875352008006e+01 3.254279999999999973e+01 3.956695240246595885e-02 7.677211490395174920e-01
