1.000000000000000056e-01 1.355921257095313026e-01 3.338289088387506182e-02 6.400328763967808587e-01
1.355921257095313026e-01 1.838522455442933856e-01 3.452858153497246479e-02 6.683036081560100872e-01
1.838522455442933856e-01 2.492891678982144810e-01 3.664431134554608366e-02 7.114069301525557387e-01
2.492891678982144810e-01 3.380164819167915113e-01 3.915966552557378216e-02 7.624115081734691435e-01
3.380164819167915113e-01 4.583237330795510434e-01 4.293409601054033048e-02 8.352258533599491441e-01
4.583237330795510434e-01 6.214508923138416518e-01 4.940154964652125613e-02 9.612114280190734439e-01
6.214508923138416518e-01 8.426384751291882136e-01 5.845243061075413443e-02 1.138431043695901090e+00
8.426384751291882136e-01 1.142551420474046342e+00 6.539221802400994876e-02 1.273678966735745322e+00
1.142551420474046342e+00 1.549209758345204913e+00 6.432245656646946863e-02 1.253298725988617246e+00
1.549209758345204913e+00 2.100606443039755522e+00 5.849052052209801483e-02 1.139627431098759747e+00
2.100606443039755522e+00 2.848256928908980079e+00 5.326994861791567448e-02 1.037999058170629985e+00
2.848256928908980079e+00 3.862012115576700655e+00 4.942348325439702150e-02 9.632433104890184561e-01
3.862012115576700655e+00 5.236584322670087666e+00 4.671154133224095228e-02 9.101927855038222104e-01
5.236584322670087666e+00 7.100395997680434945e+00 4.475454416742374875e-02 8.719019638846660092e-01
7.100395997680434945e+00 9.627577867049382121e+00 4.372423654076029731e-02 8.512657360188679023e-01
9.627577867049382121e+00 1.305423748427261188e+01 4.297614558133555640e-02 8.363042461615076695e-01
1.305423748427261188e+01 1.770051810009568172e+01 4.302916103132619491e-02 8.358460134343181913e-01
1.770051810009568172e+01 2.400050875352008006e+01 4.271205366882201843e-02 8.272964984536850253e-01
2.400050875352008006e+01 3.254279999999999973e+01 4.186646197199671293e-02 8.024499280017785008e-01
