1.000000000000000056e-01 1.355921257095313026e-01 4.128891700430584871e-02 7.905044796025773035e-01
1.355921257095313026e-01 1.838522455442933856e-01 4.147030948445299542e-02 8.011229625988508518e-01
1.838522455442933856e-01 2.492891678982144810e-01 4.198859188942252740e-02 8.120159123073420471e-01
2.492891678982144810e-01 3.380164819167915113e-01 4.341624837643703883e-02 8.424042739724716400e-01
3.380164819167915113e-01 4.583237330795510434e-01 4.652420778957890718e-02 9.043666193389467978e-01
4.583237330795510434e-01 6.214508923138416518e-01 5.164815225507819740e-02 1.005626716564422596e+00
6.214508923138416518e-01 8.426384751291882136e-01 5.656612384313632752e-02 1.101742640123077210e+00
8.426384751291882136e-01 1.142551420474046342e+00 5.875517105954432967e-02 1.144586077830424653e+00
1.142551420474046342e+00 1.549209758345204913e+00 5.877559121950019089e-02 1.145221022960027701e+00
1.549209758345204913e+00 2.100606443039755522e+00 5.700181989729032755e-02 1.110621818501281943e+00
2.100606443039755522e+00 2.848256928908980079e+00 5.366513882786623502e-02 1.045568452040742891e+00
2.848256928908980079e+00 3.862012115576700655e+00 4.969750527954257258e-02 9.685570764341301375e-01
3.862012115576700655e+00 5.236584322670087666e+00 4.651539711270123723e-02 9.065725120842028639e-01
5.236584322670087666e+00 7.100395997680434945e+00 4.425262685819123659e-02 8.624632374882954533e-01
7.100395997680434945e+00 9.627577867049382121e+00 4.285398518590131239e-02 8.351048398568368114e-01
9.627577867049382121e+00 1.305423748427261188e+01 4.196557669393524703e-02 8.176565846136903959e-01
1.305423748427261188e+01 1.770051810009568172e+01 4.148866339116875912e-02 8.080285023868790661e-01
1.770051810009568172e+01 2.400050875352008006e+01 4.071888888713277171e-02 7.920072381541541917e-01
2.400050875352008006e+01 3.254279999999999973e+01 3.920468260993150572e-02 7.603295729358280353e-01
