1.000000000000000056e-01 1.355921257095313026e-01 3.679346381662587651e-02 7.095026196848761568e-01
1.355921257095313026e-01 1.838522455442933856e-01 3.810132639297796053e-02 7.384954307584200572e-01
1.838522455442933856e-01 2.492891678982144810e-01 4.017965462306143098e-02 7.790292484624432578e-01
2.492891678982144810e-01 3.380164819167915113e-01 4.256127799333835060e-02 8.277268914806558131e-01
3.380164819167915113e-01 4.583237330795510434e-01 4.659451754379583671e-02 9.072617495367475415e-01
4.583237330795510434e-01 6.214508923138416518e-01 5.352605104040157602e-02 1.042819493216974092e+00
6.214508923138416518e-01 8.426384751291882136e-01 6.040793383733406019e-02 1.176844286308431409e+00
8.426384751291882136e-01 1.142551420474046342e+00 6.177716958404457642e-02 1.203827940468484625e+00
1.142551420474046342e+00 1.549209758345204913e+00 6.029036998676653991e-02 1.174981832337247178e+00
1.549209758345204913e+00 2.100606443039755522e+00 5.750726390867601234e-02 1.120703166497720726e+00
2.100606443039755522e+00 2.848256928908980079e+00 5.406700847339589167e-02 1.053812602563220846e+00
2.848256928908980079e+00 3.862012115576700655e+00 5.037100258786947338e-02 9.817473058593844115e-01
3.862012115576700655e+00 5.236584322670087666e+00 4.694241692624644829e-02 9.148009980597373580e-01
5.236584322670087666e+00 7.100395997680434945e+00 4.461308670640427854e-02 8.693786454746430525e-01
7.100395997680434945e+00 9.627577867049382121e+00 4.313641838215385299e-02 8.405850105988649235e-01
9.627577867049382121e+00 1.305423748427261188e+01 4.226418772008164182e-02 8.235056266672138303e-01
1.305423748427261188e+01 1.770051810009568172e+01 4.177313753338213892e-02 8.139474307367033923e-01
1.770051810009568172e+01 2.400050875352008006e+01 4.126653760411087141e-02 8.033845310780010074e-01
2.400050875352008006e+01 3.254279999999999973e+01 4.004454260556928463e-02 7.788834758974992889e-01
