1.000000000000000056e-01 1.355921257095313026e-01 5.815886436841323504e-02 1.107292783766419264e+00
1.355921257095313026e-01 1.838522455442933856e-01 5.365611317690554410e-02 1.030776508837361050e+00
1.838522455442933856e-01 2.492891678982144810e-01 5.246409250869912139e-02 1.007449024754345057e+00
2.492891678982144810e-01 3.380164819167915113e-01 5.204269689578945590e-02 1.009993543509471570e+00
3.380164819167915113e-01 4.583237330795510434e-01 5.341186419537719693e-02 1.038505218300665556e+00
4.583237330795510434e-01 6.214508923138416518e-01 5.741125973057120691e-02 1.117550440119206234e+00
6.214508923138416518e-01 8.426384751291882136e-01 6.222326773288981705e-02 1.211149795266657447e+00
8.426384751291882136e-01 1.142551420474046342e+00 6.330907423313436588e-02 1.233334631748706611e+00
1.142551420474046342e+00 1.549209758345204913e+00 6.039241303833679797e-02 1.176150821949263570e+00
1.549209758345204913e+00 2.100606443039755522e+00 5.668796186043699448e-02 1.104698675494131033e+00
2.100606443039755522e+00 2.848256928908980079e+00 5.311564022946861641e-02 1.035227262967031159e+00
2.848256928908980079e+00 3.862012115576700655e+00 4.982211416393351328e-02 9.708360017125677865e-01
3.862012115576700655e+00 5.236584322670087666e+00 4.678933134893212276e-02 9.117211936540055017e-01
5.236584322670087666e+00 7.100395997680434945e+00 4.458103999587054167e-02 8.688200007740498609e-01
7.100395997680434945e+00 9.627577867049382121e+00 4.325070241162057294e-02 8.428679905149581986e-01
9.627577867049382121e+00 1.305423748427261188e+01 4.238656872542724552e-02 8.258682586491681299e-01
1.305423748427261188e+01 1.770051810009568172e+01 4.204695685815751371e-02 8.189766986557982520e-01
1.770051810009568172e+01 2.400050875352008006e+01 4.154911223388958047e-02 8.086289415825473892e-01
2.400050875352008006e+01 3.254279999999999973e+01 4.013212164335554916e-02 7.808861009180668722e-01
