1.000000000000000056e-01 1.355921257095313026e-01 4.087672353720296636e-02 7.895784075543386127e-01
1.355921257095313026e-01 1.838522455442933856e-01 4.307575023414685761e-02 8.374352445631461084e-01
1.838522455442933856e-01 2.492891678982144810e-01 4.573395879319960833e-02 8.887034524824087844e-01
2.492891678982144810e-01 3.380164819167915113e-01 4.933147541082210513e-02 9.605468560603794836e-01
3.380164819167915113e-01 4.583237330795510434e-01 5.458206457609937612e-02 1.063105664135252093e+00
4.583237330795510434e-01 6.214508923138416518e-01 6.094820501138557139e-02 1.186815053306603751e+00
6.214508923138416518e-01 8.426384751291882136e-01 6.587469689886327195e-02 1.282479284967801503e+00
8.426384751291882136e-01 1.142551420474046342e+00 6.589489259180077163e-02 1.283768622974145179e+00
1.142551420474046342e+00 1.549209758345204913e+00 6.211245569555415985e-02 1.209903557803297502e+00
1.549209758345204913e+00 2.100606443039755522e+00 5.762288037896305670e-02 1.122819549120421145e+00
2.100606443039755522e+00 2.848256928908980079e+00 5.357839175684581817e-02 1.044027872652699918e+00
2.848256928908980079e+00 3.862012115576700655e+00 4.978055631192268571e-02 9.699472584775351569e-01
3.862012115576700655e+00 5.236584322670087666e+00 4.709032524148150378e-02 9.175216465611744088e-01
5.236584322670087666e+00 7.100395997680434945e+00 4.505590963093572543e-02 8.778884821837497077e-01
7.100395997680434945e+00 9.627577867049382121e+00 4.401930330145414905e-02 8.574526991121176334e-01
9.627577867049382121e+00 1.305423748427261188e+01 4.334517443509487700e-02 8.438679390963743643e-01
1.305423748427261188e+01 1.770051810009568172e+01 4.309893006719394543e-02 8.376929451985605235e-01
1.770051810009568172e+01 2.400050875352008006e+01 4.266276276417514668e-02 8.268650912094404060e-01
2.400050875352008006e+01 3.254279999999999973e+01 4.162144370765222950e-02 7.994260203096056339e-01
