1.000000000000000056e-01 1.355921257095313026e-01 4.464502600864836412e-02 8.688678362195618732e-01
1.355921257095313026e-01 1.838522455442933856e-01 4.580839930283754635e-02 8.921103394175126100e-01
1.838522455442933856e-01 2.492891678982144810e-01 4.745651410365436806e-02 9.240512353648960842e-01
2.492891678982144810e-01 3.380164819167915113e-01 4.852208724072033103e-02 9.447960802512360701e-01
3.380164819167915113e-01 4.583237330795510434e-01 4.994225723691658042e-02 9.727781873955630987e-01
4.583237330795510434e-01 6.214508923138416518e-01 5.151364707766900586e-02 1.003445314671472799e+00
6.214508923138416518e-01 8.426384751291882136e-01 5.431821368925682236e-02 1.058040316102082157e+00
8.426384751291882136e-01 1.142551420474046342e+00 5.974750127794908883e-02 1.163556299622728663e+00
1.142551420474046342e+00 1.549209758345204913e+00 6.085301767914506194e-02 1.185519315326519330e+00
1.549209758345204913e+00 2.100606443039755522e+00 5.719905085692281871e-02 1.114653318211979105e+00
2.100606443039755522e+00 2.848256928908980079e+00 5.369172925888508058e-02 1.046461632941493969e+00
2.848256928908980079e+00 3.862012115576700655e+00 5.002416706744546721e-02 9.749608483961645922e-01
3.862012115576700655e+00 5.236584322670087666e+00 4.677122485992863538e-02 9.115031942888982552e-01
5.236584322670087666e+00 7.100395997680434945e+00 4.441056114513839553e-02 8.653812659748757463e-01
7.100395997680434945e+00 9.627577867049382121e+00 4.283926980502062581e-02 8.345360658895180084e-01
9.627577867049382121e+00 1.305423748427261188e+01 4.173421012525237866e-02 8.130687176322273224e-01
1.305423748427261188e+01 1.770051810009568172e+01 4.132800213335348360e-02 8.048032103864226627e-01
1.770051810009568172e+01 2.400050875352008006e+01 4.077373665671007313e-02 7.925554030067312183e-01
2.400050875352008006e+01 3.254279999999999973e+01 3.929766052691020112e-02 7.615792232331189959e-01
