1.000000000000000056e-01 1.355921257095313026e-01 4.370439239363047706e-02 8.469906927830660459e-01
1.355921257095313026e-01 1.838522455442933856e-01 4.179905532991431971e-02 8.109157655026025813e-01
1.838522455442933856e-01 2.492891678982144810e-01 4.058236048091615894e-02 7.869889296428984604e-01
2.492891678982144810e-01 3.380164819167915113e-01 3.992049982426898458e-02 7.757964878047427515e-01
3.380164819167915113e-01 4.583237330795510434e-01 4.131172678884038191e-02 8.038982584090994532e-01
4.583237330795510434e-01 6.214508923138416518e-01 4.579649094603144982e-02 8.914772973141772416e-01
6.214508923138416518e-01 8.426384751291882136e-01 5.428036979432756398e-02 1.057275095197118597e+00
8.426384751291882136e-01 1.142551420474046342e+00 6.289014984209158332e-02 1.224064542418854762e+00
1.142551420474046342e+00 1.549209758345204913e+00 6.235781018756357541e-02 1.214508803216221677e+00
1.549209758345204913e+00 2.100606443039755522e+00 5.703139140719674927e-02 1.110970870385196818e+00
2.100606443039755522e+00 2.848256928908980079e+00 5.249065867350881376e-02 1.022585626601568931e+00
2.848256928908980079e+00 3.862012115576700655e+00 4.930213279665430354e-02 9.606988698005474170e-01
3.862012115576700655e+00 5.236584322670087666e+00 4.667413680828493699e-02 9.093255458248115097e-01
5.236584322670087666e+00 7.100395997680434945e+00 4.456496825693720409e-02 8.683155231825628872e-01
7.100395997680434945e+00 9.627577867049382121e+00 4.341091174985044904e-02 8.456331024091005011e-01
9.627577867049382121e+00 1.305423748427261188e+01 4.252646834270991383e-02 8.283531358099888164e-01
1.305423748427261188e+01 1.770051810009568172e+01 4.239985429299296393e-02 8.252843955200495074e-01
1.770051810009568172e+01 2.400050875352008006e+01 4.187095488650770941e-02 8.135448104133384817e-01
2.400050875352008006e+01 3.254279999999999973e+01 4.035834490271012626e-02 7.817514359715432848e-01
