1.000000000000000056e-01 1.355921257095313026e-01 5.210082950361381859e-02 1.005387474358369726e+00
1.355921257095313026e-01 1.838522455442933856e-01 4.967834441014543773e-02 9.638832210448020632e-01
1.838522455442933856e-01 2.492891678982144810e-01 4.797510185022910850e-02 9.316604166409478971e-01
2.492891678982144810e-01 3.380164819167915113e-01 4.734227636582918897e-02 9.204012701139134833e-01
3.380164819167915113e-01 4.583237330795510434e-01 4.763890682949562666e-02 9.265774469812569913e-01
4.583237330795510434e-01 6.214508923138416518e-01 5.051061978840828970e-02 9.834185583531165342e-01
6.214508923138416518e-01 8.426384751291882136e-01 5.507970647885386539e-02 1.072761369422218447e+00
8.426384751291882136e-01 1.142551420474046342e+00 5.945882152513312646e-02 1.158127654475987089e+00
1.142551420474046342e+00 1.549209758345204913e+00 5.957293191612585831e-02 1.160816374039922882e+00
1.549209758345204913e+00 2.100606443039755522e+00 5.638510826423057815e-02 1.098698703442210878e+00
2.100606443039755522e+00 2.848256928908980079e+00 5.271288639935742260e-02 1.027254442853755778e+00
2.848256928908980079e+00 3.862012115576700655e+00 4.943941417401383903e-02 9.635795503206592283e-01
3.862012115576700655e+00 5.236584322670087666e+00 4.667661092976078951e-02 9.096542482966717413e-01
5.236584322670087666e+00 7.100395997680434945e+00 4.463409003999488367e-02 8.698743115623900346e-01
7.100395997680434945e+00 9.627577867049382121e+00 4.341967374467634033e-02 8.459914363699054807e-01
9.627577867049382121e+00 1.305423748427261188e+01 4.241067161937812219e-02 8.260409043559336917e-01
1.305423748427261188e+01 1.770051810009568172e+01 4.226457196747119421e-02 8.226553837309181771e-01
1.770051810009568172e+01 2.400050875352008006e+01 4.185651921041228657e-02 8.135942632038766220e-01
2.400050875352008006e+01 3.254279999999999973e+01 4.066687199968796462e-02 7.873972833696704088e-01
