1.000000000000000056e-01 1.355921257095313026e-01 4.580154203432727777e-02 8.877668407951975205e-01
1.355921257095313026e-01 1.838522455442933856e-01 4.561702775100177909e-02 8.854799547420277861e-01
1.838522455442933856e-01 2.492891678982144810e-01 4.530117673696758968e-02 8.796844957857469227e-01
2.492891678982144810e-01 3.380164819167915113e-01 4.588261033636660546e-02 8.913004468104689382e-01
3.380164819167915113e-01 4.583237330795510434e-01 4.653017084466541664e-02 9.055912129032333002e-01
4.583237330795510434e-01 6.214508923138416518e-01 4.882611518664004002e-02 9.503577192901035975e-01
6.214508923138416518e-01 8.426384751291882136e-01 5.355749745877214085e-02 1.042819076756828389e+00
8.426384751291882136e-01 1.142551420474046342e+00 5.636590866475545830e-02 1.097114131854854513e+00
1.142551420474046342e+00 1.549209758345204913e+00 5.743839487503421548e-02 1.118722879769820322e+00
1.549209758345204913e+00 2.100606443039755522e+00 5.514141522557199082e-02 1.074347254476624824e+00
2.100606443039755522e+00 2.848256928908980079e+00 5.165584892483688489e-02 1.006386718389129964e+00
2.848256928908980079e+00 3.862012115576700655e+00 4.844389448637666934e-02 9.440075082814526342e-01
3.862012115576700655e+00 5.236584322670087666e+00 4.578036483198861389e-02 8.920695014972884751e-01
5.236584322670087666e+00 7.100395997680434945e+00 4.388929251040395163e-02 8.552255750953906555e-01
7.100395997680434945e+00 9.627577867049382121e+00 4.249659324847948616e-02 8.279519591840698300e-01
9.627577867049382121e+00 1.305423748427261188e+01 4.169885580682419768e-02 8.122106647184472727e-01
1.305423748427261188e+01 1.770051810009568172e+01 4.123861987572407378e-02 8.029048281880842852e-01
1.770051810009568172e+01 2.400050875352008006e+01 4.070186222033454759e-02 7.917601436649974733e-01
2.400050875352008006e+01 3.254279999999999973e+01 3.906959263169196284e-02 7.587438320982237139e-01
