1.000000000000000056e-01 1.355921257095313026e-01 4.788462180292280684e-02 9.229759791725603568e-01
1.355921257095313026e-01 1.838522455442933856e-01 4.485381763038871067e-02 8.638213572511265204e-01
1.838522455442933856e-01 2.492891678982144810e-01 4.279803678086344793e-02 8.249134600484231417e-01
2.492891678982144810e-01 3.380164819167915113e-01 4.208960887388212002e-02 8.175740821659797097e-01
3.380164819167915113e-01 4.583237330795510434e-01 4.358339711942180172e-02 8.485629762099623496e-01
4.583237330795510434e-01 6.214508923138416518e-01 4.761693764634528786e-02 9.266408353939843412e-01
6.214508923138416518e-01 8.426384751291882136e-01 5.405868875626020087e-02 1.051953661499716919e+00
8.426384751291882136e-01 1.142551420474046342e+00 5.897335398876781681e-02 1.148662989816562785e+00
1.142551420474046342e+00 1.549209758345204913e+00 6.161509182547038332e-02 1.200254356433327674e+00
1.549209758345204913e+00 2.100606443039755522e+00 5.757644227281711463e-02 1.121438124091778565e+00
2.100606443039755522e+00 2.848256928908980079e+00 5.307255684372709503e-02 1.033905662191218378e+00
2.848256928908980079e+00 3.862012115576700655e+00 4.913319797685808399e-02 9.573026226785873449e-01
3.862012115576700655e+00 5.236584322670087666e+00 4.643719504994029551e-02 9.046792460162562666e-01
5.236584322670087666e+00 7.100395997680434945e+00 4.445951003542524677e-02 8.660497765717105612e-01
7.100395997680434945e+00 9.627577867049382121e+00 4.346994888349847708e-02 8.466550656904339167e-01
9.627577867049382121e+00 1.305423748427261188e+01 4.269044703271140939e-02 8.310248696553758085e-01
1.305423748427261188e+01 1.770051810009568172e+01 4.263301122292004197e-02 8.293353620929669878e-01
1.770051810009568172e+01 2.400050875352008006e+01 4.231771562295570666e-02 8.223101480791135121e-01
2.400050875352008006e+01 3.254279999999999973e+01 4.138521758506476939e-02 8.001120091504201337e-01
