1.000000000000000056e-01 1.355921257095313026e-01 5.507288927951608376e-02 1.071211937652988722e+00
1.355921257095313026e-01 1.838522455442933856e-01 5.179731192895112302e-02 1.007804315717365062e+00
1.838522455442933856e-01 2.492891678982144810e-01 4.882156681316442148e-02 9.506311552769017847e-01
2.492891678982144810e-01 3.380164819167915113e-01 4.646825087181050140e-02 9.048406684943839373e-01
3.380164819167915113e-01 4.583237330795510434e-01 4.505926560569246259e-02 8.774393462985473624e-01
4.583237330795510434e-01 6.214508923138416518e-01 4.473816904540000444e-02 8.711505579919854858e-01
6.214508923138416518e-01 8.426384751291882136e-01 4.737531378388055298e-02 9.226305999833906979e-01
8.426384751291882136e-01 1.142551420474046342e+00 5.199263811224546367e-02 1.012830833229610539e+00
1.142551420474046342e+00 1.549209758345204913e+00 5.452503480222808258e-02 1.062635081851390773e+00
1.549209758345204913e+00 2.100606443039755522e+00 5.342964336531811492e-02 1.041381422493818487e+00
2.100606443039755522e+00 2.848256928908980079e+00 5.100241729811217511e-02 9.940669325568769477e-01
2.848256928908980079e+00 3.862012115576700655e+00 4.837435105298014404e-02 9.428153821663849410e-01
3.862012115576700655e+00 5.236584322670087666e+00 4.549283490602357843e-02 8.866781790102311600e-01
5.236584322670087666e+00 7.100395997680434945e+00 4.367891221862946205e-02 8.513058714752959055e-01
7.100395997680434945e+00 9.627577867049382121e+00 4.259440482662831678e-02 8.300322491306977302e-01
9.627577867049382121e+00 1.305423748427261188e+01 4.190739591179522272e-02 8.165124444426102857e-01
1.305423748427261188e+01 1.770051810009568172e+01 4.197239728253464308e-02 8.173985702431666445e-01
1.770051810009568172e+01 2.400050875352008006e+01 4.182154662306056259e-02 8.137133737589854476e-01
2.400050875352008006e+01 3.254279999999999973e+01 4.105006022484049971e-02 7.978455605373159232e-01
