1.000000000000000056e-01 1.355921257095313026e-01 8.136632700981979993e-02 1.571069819962363390e+00
1.355921257095313026e-01 1.838522455442933856e-01 7.456626049759179642e-02 1.444160200558145757e+00
1.838522455442933856e-01 2.492891678982144810e-01 6.913093969928832405e-02 1.334057728327475711e+00
2.492891678982144810e-01 3.380164819167915113e-01 6.376613454313194429e-02 1.237674872098260881e+00
3.380164819167915113e-01 4.583237330795510434e-01 6.064376204964495171e-02 1.178731110674763105e+00
4.583237330795510434e-01 6.214508923138416518e-01 6.012723647367923530e-02 1.170454604629154849e+00
6.214508923138416518e-01 8.426384751291882136e-01 6.028246140049220436e-02 1.173481207442407914e+00
8.426384751291882136e-01 1.142551420474046342e+00 5.666825749040171889e-02 1.103688980069325920e+00
1.142551420474046342e+00 1.549209758345204913e+00 5.459242030079121399e-02 1.063548935947330021e+00
1.549209758345204913e+00 2.100606443039755522e+00 5.425033507931164428e-02 1.057218721009963058e+00
2.100606443039755522e+00 2.848256928908980079e+00 5.279157823445462111e-02 1.029001293517836979e+00
2.848256928908980079e+00 3.862012115576700655e+00 4.979821137030634309e-02 9.706215257363770554e-01
3.862012115576700655e+00 5.236584322670087666e+00 4.682201674968448218e-02 9.126565404981081819e-01
5.236584322670087666e+00 7.100395997680434945e+00 4.449151632398685302e-02 8.671879542603119218e-01
7.100395997680434945e+00 9.627577867049382121e+00 4.299141845890861596e-02 8.379136881093912637e-01
9.627577867049382121e+00 1.305423748427261188e+01 4.196607513270548401e-02 8.178126526365597782e-01
1.305423748427261188e+01 1.770051810009568172e+01 4.135551404902368389e-02 8.059139699916979538e-01
1.770051810009568172e+01 2.400050875352008006e+01 4.065237843627608760e-02 7.919645681804149406e-01
2.400050875352008006e+01 3.254279999999999973e+01 3.944928685954292996e-02 7.678848427458589976e-01
