1.000000000000000056e-01 1.355921257095313026e-01 5.708096928150089427e-02 1.109372227570468494e+00
1.355921257095313026e-01 1.838522455442933856e-01 5.291632540743084617e-02 1.028946172785018653e+00
1.838522455442933856e-01 2.492891678982144810e-01 4.935973346886082108e-02 9.598571374191023908e-01
2.492891678982144810e-01 3.380164819167915113e-01 4.701731655827472850e-02 9.139974956634409065e-01
3.380164819167915113e-01 4.583237330795510434e-01 4.609381016740796144e-02 8.971713108222941768e-01
4.583237330795510434e-01 6.214508923138416518e-01 4.721753120713695351e-02 9.188515169272203353e-01
6.214508923138416518e-01 8.426384751291882136e-01 5.128074534080420688e-02 9.980916967055086797e-01
8.426384751291882136e-01 1.142551420474046342e+00 5.744844534104084216e-02 1.119133947792134931e+00
1.142551420474046342e+00 1.549209758345204913e+00 5.964373027357843665e-02 1.162254007030803615e+00
1.549209758345204913e+00 2.100606443039755522e+00 5.723381872743881632e-02 1.115316561855568711e+00
2.100606443039755522e+00 2.848256928908980079e+00 5.349589933847699597e-02 1.042557896452328992e+00
2.848256928908980079e+00 3.862012115576700655e+00 5.022879352940259196e-02 9.787973626127819404e-01
3.862012115576700655e+00 5.236584322670087666e+00 4.721364013552310085e-02 9.197881007550658961e-01
5.236584322670087666e+00 7.100395997680434945e+00 4.490206766113738479e-02 8.747307195245384026e-01
7.100395997680434945e+00 9.627577867049382121e+00 4.346224238926149619e-02 8.463636837948764757e-01
9.627577867049382121e+00 1.305423748427261188e+01 4.232200312105988127e-02 8.238310430734407941e-01
1.305423748427261188e+01 1.770051810009568172e+01 4.189398783051317271e-02 8.152012765015336226e-01
1.770051810009568172e+01 2.400050875352008006e+01 4.107327737160985925e-02 7.977298743846168438e-01
2.400050875352008006e+01 3.254279999999999973e+01 3.931883303988712580e-02 7.599824857880069784e-01
