1.000000000000000056e-01 1.355921257095313026e-01 7.325377079398501245e-02 1.420892756681132463e+00
1.355921257095313026e-01 1.838522455442933856e-01 7.109548633650747407e-02 1.379804625922767869e+00
1.838522455442933856e-01 2.492891678982144810e-01 6.722136937087665187e-02 1.306046756366467498e+00
2.492891678982144810e-01 3.380164819167915113e-01 6.227097912055056667e-02 1.211998824857621004e+00
3.380164819167915113e-01 4.583237330795510434e-01 5.471405211958448034e-02 1.063870927593764559e+00
4.583237330795510434e-01 6.214508923138416518e-01 5.057256390321829276e-02 9.836301346394514811e-01
6.214508923138416518e-01 8.426384751291882136e-01 5.400688348769207975e-02 1.050956897044004412e+00
8.426384751291882136e-01 1.142551420474046342e+00 5.899281041368888839e-02 1.149289661431698972e+00
1.142551420474046342e+00 1.549209758345204913e+00 5.923459109428589470e-02 1.153896695584651244e+00
1.549209758345204913e+00 2.100606443039755522e+00 5.634842204202422655e-02 1.097959902140681399e+00
2.100606443039755522e+00 2.848256928908980079e+00 5.283630154044240829e-02 1.029678248985746336e+00
2.848256928908980079e+00 3.862012115576700655e+00 4.965871993871121687e-02 9.678490467316392953e-01
3.862012115576700655e+00 5.236584322670087666e+00 4.691758481762126759e-02 9.143842862098996438e-01
5.236584322670087666e+00 7.100395997680434945e+00 4.493138248147617725e-02 8.756367811210633567e-01
7.100395997680434945e+00 9.627577867049382121e+00 4.382372930552594359e-02 8.538861327399619450e-01
9.627577867049382121e+00 1.305423748427261188e+01 4.294278906505801657e-02 8.363898673665988159e-01
1.305423748427261188e+01 1.770051810009568172e+01 4.270400426253494197e-02 8.312774612448252665e-01
1.770051810009568172e+01 2.400050875352008006e+01 4.223286065125050198e-02 8.210385638983699330e-01
2.400050875352008006e+01 3.254279999999999973e+01 4.116362744387049716e-02 7.966716611173457752e-01
