1.000000000000000056e-01 1.355921257095313026e-01 4.840123628085095386e-02 9.152005577968822525e-01
1.355921257095313026e-01 1.838522455442933856e-01 4.667708075019953023e-02 9.002854501885936278e-01
1.838522455442933856e-01 2.492891678982144810e-01 4.749392200053351859e-02 9.156789764511387153e-01
2.492891678982144810e-01 3.380164819167915113e-01 4.866630306093697178e-02 9.447336828505470407e-01
3.380164819167915113e-01 4.583237330795510434e-01 5.183392288160797168e-02 1.007228243720671435e+00
4.583237330795510434e-01 6.214508923138416518e-01 5.747607956883152291e-02 1.117976346501477591e+00
6.214508923138416518e-01 8.426384751291882136e-01 6.277526058437164769e-02 1.222284824621214794e+00
8.426384751291882136e-01 1.142551420474046342e+00 6.401312380131402024e-02 1.246680698830718637e+00
1.142551420474046342e+00 1.549209758345204913e+00 6.022868359555526990e-02 1.172773175477237917e+00
1.549209758345204913e+00 2.100606443039755522e+00 5.586904335209128686e-02 1.088335736910693408e+00
2.100606443039755522e+00 2.848256928908980079e+00 5.211733024367647127e-02 1.015199931746495254e+00
2.848256928908980079e+00 3.862012115576700655e+00 4.870351458598537464e-02 9.490099275719502403e-01
3.862012115576700655e+00 5.236584322670087666e+00 4.642444299843827976e-02 9.045899832453897504e-01
5.236584322670087666e+00 7.100395997680434945e+00 4.461022471684401164e-02 8.692190072858679839e-01
7.100395997680434945e+00 9.627577867049382121e+00 4.368561058280071713e-02 8.512544087648648006e-01
9.627577867049382121e+00 1.305423748427261188e+01 4.321001838406319379e-02 8.415253750291431523e-01
1.305423748427261188e+01 1.770051810009568172e+01 4.318848310907685145e-02 8.411590625018244838e-01
1.770051810009568172e+01 2.400050875352008006e+01 4.289229408092252310e-02 8.343613855938467605e-01
2.400050875352008006e+01 3.254279999999999973e+01 4.209499680236541974e-02 8.154501714787046884e-01
