1.000000000000000056e-01 1.355921257095313026e-01 4.850599605482052573e-02 9.296202731066797176e-01
1.355921257095313026e-01 1.838522455442933856e-01 4.725943936357814706e-02 9.040123721361044140e-01
1.838522455442933856e-01 2.492891678982144810e-01 4.557173884885770687e-02 8.827648668426338885e-01
2.492891678982144810e-01 3.380164819167915113e-01 4.607136398651175829e-02 8.947618362009952531e-01
3.380164819167915113e-01 4.583237330795510434e-01 4.874371829471830370e-02 9.487415455678721576e-01
4.583237330795510434e-01 6.214508923138416518e-01 5.404209366757054683e-02 1.051858594984830253e+00
6.214508923138416518e-01 8.426384751291882136e-01 5.970002843623457151e-02 1.162543133287654795e+00
8.426384751291882136e-01 1.142551420474046342e+00 6.306147415182886129e-02 1.228060877687928931e+00
1.142551420474046342e+00 1.549209758345204913e+00 6.299807352046994657e-02 1.226881879504778006e+00
1.549209758345204913e+00 2.100606443039755522e+00 5.838653624187900570e-02 1.137549725857669225e+00
2.100606443039755522e+00 2.848256928908980079e+00 5.356446237136619493e-02 1.043441071330732273e+00
2.848256928908980079e+00 3.862012115576700655e+00 5.015094512670312255e-02 9.770228960031168697e-01
3.862012115576700655e+00 5.236584322670087666e+00 4.723962345259950790e-02 9.205234115136974316e-01
5.236584322670087666e+00 7.100395997680434945e+00 4.516882772252456962e-02 8.802924250548875840e-01
7.100395997680434945e+00 9.627577867049382121e+00 4.394729622961476845e-02 8.562790540872761147e-01
9.627577867049382121e+00 1.305423748427261188e+01 4.309698798287416727e-02 8.395631183120556562e-01
1.305423748427261188e+01 1.770051810009568172e+01 4.286237414610389457e-02 8.341870241165164623e-01
1.770051810009568172e+01 2.400050875352008006e+01 4.229485587126664836e-02 8.221908448467036834e-01
2.400050875352008006e+01 3.254279999999999973e+01 4.105414109399178890e-02 7.962559015711691002e-01
