1.000000000000000056e-01 1.355921257095313026e-01 6.755275248274059119e-02 1.309675759409147044e+00
1.355921257095313026e-01 1.838522455442933856e-01 6.078336194123602765e-02 1.179535026956961108e+00
1.838522455442933856e-01 2.492891678982144810e-01 5.573132118613891017e-02 1.080252073001908952e+00
2.492891678982144810e-01 3.380164819167915113e-01 5.150913133700472935e-02 1.001973221223281030e+00
3.380164819167915113e-01 4.583237330795510434e-01 4.912178154352332682e-02 9.555080199090478787e-01
4.583237330795510434e-01 6.214508923138416518e-01 4.939374809247386311e-02 9.614760899104987102e-01
6.214508923138416518e-01 8.426384751291882136e-01 5.272430387666662138e-02 1.026431202956374467e+00
8.426384751291882136e-01 1.142551420474046342e+00 5.469099200443825609e-02 1.065159843774736270e+00
1.142551420474046342e+00 1.549209758345204913e+00 5.522806688913146217e-02 1.075780741589734912e+00
1.549209758345204913e+00 2.100606443039755522e+00 5.431637572144269732e-02 1.058552235019486920e+00
2.100606443039755522e+00 2.848256928908980079e+00 5.249611730684919375e-02 1.023086640488502841e+00
2.848256928908980079e+00 3.862012115576700655e+00 4.934169027696058002e-02 9.615628338784060203e-01
3.862012115576700655e+00 5.236584322670087666e+00 4.633773207975003944e-02 9.029774046769719620e-01
5.236584322670087666e+00 7.100395997680434945e+00 4.399336368746280951e-02 8.573402305413517777e-01
7.100395997680434945e+00 9.627577867049382121e+00 4.248073362869338870e-02 8.276217411834867477e-01
9.627577867049382121e+00 1.305423748427261188e+01 4.144045319339462879e-02 8.072603905875266328e-01
1.305423748427261188e+01 1.770051810009568172e+01 4.087870171428106131e-02 7.958954984435809843e-01
1.770051810009568172e+01 2.400050875352008006e+01 4.008546020803734067e-02 7.799245076613883221e-01
2.400050875352008006e+01 3.254279999999999973e+01 3.843740911559467149e-02 7.464740781234253664e-01
