1.000000000000000056e-01 1.355921257095313026e-01 7.867754769455918840e-02 1.530561067152873767e+00
1.355921257095313026e-01 1.838522455442933856e-01 7.330816634341064120e-02 1.427030385545239088e+00
1.838522455442933856e-01 2.492891678982144810e-01 6.673313854347243113e-02 1.298899494434901936e+00
2.492891678982144810e-01 3.380164819167915113e-01 5.895980987271185608e-02 1.147069301219359572e+00
3.380164819167915113e-01 4.583237330795510434e-01 4.563366032367635605e-02 8.882463465845460426e-01
4.583237330795510434e-01 6.214508923138416518e-01 3.483083254437678578e-02 6.779629292059927703e-01
6.214508923138416518e-01 8.426384751291882136e-01 3.783511282023205996e-02 7.368622479538858849e-01
8.426384751291882136e-01 1.142551420474046342e+00 5.071158872277495289e-02 9.879836431986612766e-01
1.142551420474046342e+00 1.549209758345204913e+00 5.757434708639479898e-02 1.121705127319055473e+00
1.549209758345204913e+00 2.100606443039755522e+00 5.731871322598480756e-02 1.116912879028367556e+00
2.100606443039755522e+00 2.848256928908980079e+00 5.404342061531835356e-02 1.053053115554581698e+00
2.848256928908980079e+00 3.862012115576700655e+00 5.084601272990755400e-02 9.909492551602531174e-01
3.862012115576700655e+00 5.236584322670087666e+00 4.742897064547021285e-02 9.242423489447646467e-01
5.236584322670087666e+00 7.100395997680434945e+00 4.494803543730903350e-02 8.757899447064467768e-01
7.100395997680434945e+00 9.627577867049382121e+00 4.328803234186235499e-02 8.434611539809973024e-01
9.627577867049382121e+00 1.305423748427261188e+01 4.203965980854682677e-02 8.188523146252344453e-01
1.305423748427261188e+01 1.770051810009568172e+01 4.152473936524796183e-02 8.083661729151163655e-01
1.770051810009568172e+01 2.400050875352008006e+01 4.080934899252559867e-02 7.939816280773431822e-01
2.400050875352008006e+01 3.254279999999999973e+01 3.919103908298580269e-02 7.602210841909113892e-01
