1.000000000000000056e-01 1.355921257095313026e-01 4.740182509837574665e-02 9.207719885700464957e-01
1.355921257095313026e-01 1.838522455442933856e-01 5.020370292790893307e-02 9.722164387445418887e-01
1.838522455442933856e-01 2.492891678982144810e-01 5.269639392040940257e-02 1.024362462757221204e+00
2.492891678982144810e-01 3.380164819167915113e-01 5.494399945799030571e-02 1.068247204965523389e+00
3.380164819167915113e-01 4.583237330795510434e-01 5.624512767042089134e-02 1.093928198137376961e+00
4.583237330795510434e-01 6.214508923138416518e-01 5.691564613530675915e-02 1.107567821069959768e+00
6.214508923138416518e-01 8.426384751291882136e-01 5.427531852092252335e-02 1.056505765101213745e+00
8.426384751291882136e-01 1.142551420474046342e+00 5.321160988447017071e-02 1.036254711242126980e+00
1.142551420474046342e+00 1.549209758345204913e+00 5.447849577076406546e-02 1.061609627895188090e+00
1.549209758345204913e+00 2.100606443039755522e+00 5.348520302632376461e-02 1.042276726566230050e+00
2.100606443039755522e+00 2.848256928908980079e+00 5.110571078050233501e-02 9.958304712035033202e-01
2.848256928908980079e+00 3.862012115576700655e+00 4.843368364978811735e-02 9.437841824954581460e-01
3.862012115576700655e+00 5.236584322670087666e+00 4.566719588615909819e-02 8.897359709637239211e-01
5.236584322670087666e+00 7.100395997680434945e+00 4.384808004863424702e-02 8.541669923526721275e-01
7.100395997680434945e+00 9.627577867049382121e+00 4.281840934990803482e-02 8.340657027764961651e-01
9.627577867049382121e+00 1.305423748427261188e+01 4.223438437682336399e-02 8.223137460135521160e-01
1.305423748427261188e+01 1.770051810009568172e+01 4.222466617131342970e-02 8.216638311558847052e-01
1.770051810009568172e+01 2.400050875352008006e+01 4.189651498450244760e-02 8.144894952126100485e-01
2.400050875352008006e+01 3.254279999999999973e+01 4.078140541993886814e-02 7.915987980324499240e-01
