1.000000000000000056e-01 1.355921257095313026e-01 7.263853933848234135e-02 1.403058294097933034e+00
1.355921257095313026e-01 1.838522455442933856e-01 6.693244240042842130e-02 1.296252304182770709e+00
1.838522455442933856e-01 2.492891678982144810e-01 6.157821613464915106e-02 1.196529624482854270e+00
2.492891678982144810e-01 3.380164819167915113e-01 5.749973853695365678e-02 1.117531887679132474e+00
3.380164819167915113e-01 4.583237330795510434e-01 5.453866178798942588e-02 1.059232568002354657e+00
4.583237330795510434e-01 6.214508923138416518e-01 5.269691057074504803e-02 1.025266531841765527e+00
6.214508923138416518e-01 8.426384751291882136e-01 5.246521386208260335e-02 1.021335757367043628e+00
8.426384751291882136e-01 1.142551420474046342e+00 5.457539201234224563e-02 1.063310767743086860e+00
1.142551420474046342e+00 1.549209758345204913e+00 5.613199930942926880e-02 1.093698379511670149e+00
1.549209758345204913e+00 2.100606443039755522e+00 5.496801846238086320e-02 1.071214985522211061e+00
2.100606443039755522e+00 2.848256928908980079e+00 5.235865806425257785e-02 1.020370268403495206e+00
2.848256928908980079e+00 3.862012115576700655e+00 4.943852346470655607e-02 9.633137870795636104e-01
3.862012115576700655e+00 5.236584322670087666e+00 4.669559526579445535e-02 9.098247615844082814e-01
5.236584322670087666e+00 7.100395997680434945e+00 4.461568344152314763e-02 8.693896513769625578e-01
7.100395997680434945e+00 9.627577867049382121e+00 4.336933500919590290e-02 8.448365900154514163e-01
9.627577867049382121e+00 1.305423748427261188e+01 4.254279395982092649e-02 8.285796879194635700e-01
1.305423748427261188e+01 1.770051810009568172e+01 4.237001170376945153e-02 8.245214783191298080e-01
1.770051810009568172e+01 2.400050875352008006e+01 4.196015826315551561e-02 8.154779003315304475e-01
2.400050875352008006e+01 3.254279999999999973e+01 4.069348302656225491e-02 7.865798931513288128e-01
