1.000000000000000056e-01 1.355921257095313026e-01 5.863008021028535272e-02 1.140727897664953527e+00
1.355921257095313026e-01 1.838522455442933856e-01 5.496717626933517176e-02 1.069157139602693318e+00
1.838522455442933856e-01 2.492891678982144810e-01 5.158470395208787640e-02 1.002874581209025839e+00
2.492891678982144810e-01 3.380164819167915113e-01 4.885351418120300465e-02 9.502198038251206125e-01
3.380164819167915113e-01 4.583237330795510434e-01 4.703994938467072340e-02 9.159607949450280229e-01
4.583237330795510434e-01 6.214508923138416518e-01 4.666388189712829260e-02 9.087417451677782809e-01
6.214508923138416518e-01 8.426384751291882136e-01 4.891832415105387688e-02 9.524106067861601854e-01
8.426384751291882136e-01 1.142551420474046342e+00 5.328775458798823417e-02 1.037362552582258290e+00
1.142551420474046342e+00 1.549209758345204913e+00 5.477759997886525595e-02 1.067183081290570046e+00
1.549209758345204913e+00 2.100606443039755522e+00 5.389846007892777624e-02 1.050316793564790352e+00
2.100606443039755522e+00 2.848256928908980079e+00 5.181264907400776054e-02 1.009900236064833035e+00
2.848256928908980079e+00 3.862012115576700655e+00 4.936607596338012799e-02 9.621497640306895249e-01
3.862012115576700655e+00 5.236584322670087666e+00 4.603837774865771060e-02 8.972937349144870511e-01
5.236584322670087666e+00 7.100395997680434945e+00 4.389483823207013941e-02 8.555200723737315105e-01
7.100395997680434945e+00 9.627577867049382121e+00 4.249095671527661905e-02 8.280776646988486922e-01
9.627577867049382121e+00 1.305423748427261188e+01 4.162679462850335521e-02 8.110348481626219463e-01
1.305423748427261188e+01 1.770051810009568172e+01 4.129397511541926108e-02 8.043949467838482636e-01
1.770051810009568172e+01 2.400050875352008006e+01 4.080689483136051149e-02 7.943332883596009308e-01
2.400050875352008006e+01 3.254279999999999973e+01 3.916485535367999343e-02 7.609897311710106527e-01
