1.000000000000000056e-01 1.355921257095313026e-01 3.616915327280265796e-02 7.017388592024277338e-01
1.355921257095313026e-01 1.838522455442933856e-01 3.892581580761848847e-02 7.563282396315220701e-01
1.838522455442933856e-01 2.492891678982144810e-01 4.185059425492276830e-02 8.135768454663523386e-01
2.492891678982144810e-01 3.380164819167915113e-01 4.488278108790585280e-02 8.725662117458619083e-01
3.380164819167915113e-01 4.583237330795510434e-01 4.859929986871970586e-02 9.445243542193174635e-01
4.583237330795510434e-01 6.214508923138416518e-01 5.368821024048417434e-02 1.045444840253317409e+00
6.214508923138416518e-01 8.426384751291882136e-01 5.929159111398019794e-02 1.154940520663813475e+00
8.426384751291882136e-01 1.142551420474046342e+00 6.066939005244164490e-02 1.182111410069458968e+00
1.142551420474046342e+00 1.549209758345204913e+00 5.888737229296567288e-02 1.147179605536499558e+00
1.549209758345204913e+00 2.100606443039755522e+00 5.618042082481249783e-02 1.094966637609265492e+00
2.100606443039755522e+00 2.848256928908980079e+00 5.291128847528428492e-02 1.031219660824154394e+00
2.848256928908980079e+00 3.862012115576700655e+00 4.971152076527838443e-02 9.689165553119637453e-01
3.862012115576700655e+00 5.236584322670087666e+00 4.647283239143730482e-02 9.057995957991527014e-01
5.236584322670087666e+00 7.100395997680434945e+00 4.427774982813902083e-02 8.629776570348494102e-01
7.100395997680434945e+00 9.627577867049382121e+00 4.286216756047051685e-02 8.354008061304804000e-01
9.627577867049382121e+00 1.305423748427261188e+01 4.190308556836026127e-02 8.166610584909645976e-01
1.305423748427261188e+01 1.770051810009568172e+01 4.156723207663049618e-02 8.099654379601836096e-01
1.770051810009568172e+01 2.400050875352008006e+01 4.109017706021490801e-02 8.004554041529454711e-01
2.400050875352008006e+01 3.254279999999999973e+01 3.995062466941902424e-02 7.775154956258133465e-01
