1.000000000000000056e-01 1.355921257095313026e-01 7.454238227543905082e-02 1.445755727232610477e+00
1.355921257095313026e-01 1.838522455442933856e-01 7.138922650752702048e-02 1.388004308471161519e+00
1.838522455442933856e-01 2.492891678982144810e-01 6.777547815672554932e-02 1.314833342046699993e+00
2.492891678982144810e-01 3.380164819167915113e-01 6.377611418093696860e-02 1.237323318970611874e+00
3.380164819167915113e-01 4.583237330795510434e-01 5.575774216215641232e-02 1.084052097820565219e+00
4.583237330795510434e-01 6.214508923138416518e-01 4.661261200434248936e-02 9.063901435358429071e-01
6.214508923138416518e-01 8.426384751291882136e-01 4.681781809428312013e-02 9.111605599911146713e-01
8.426384751291882136e-01 1.142551420474046342e+00 5.352770369277316809e-02 1.042526726525845548e+00
1.142551420474046342e+00 1.549209758345204913e+00 5.767360323775642256e-02 1.123581381627755560e+00
1.549209758345204913e+00 2.100606443039755522e+00 5.675876939866018878e-02 1.106055930980188062e+00
2.100606443039755522e+00 2.848256928908980079e+00 5.362061782392222448e-02 1.045011963139990119e+00
2.848256928908980079e+00 3.862012115576700655e+00 5.042436174128524240e-02 9.827824512498934961e-01
3.862012115576700655e+00 5.236584322670087666e+00 4.726497049853234378e-02 9.211833588097115832e-01
5.236584322670087666e+00 7.100395997680434945e+00 4.500838116582418086e-02 8.771637558497396014e-01
7.100395997680434945e+00 9.627577867049382121e+00 4.344844915146282155e-02 8.468083452612490403e-01
9.627577867049382121e+00 1.305423748427261188e+01 4.225647933168889814e-02 8.233249895576680855e-01
1.305423748427261188e+01 1.770051810009568172e+01 4.205489555111217165e-02 8.190472449751547979e-01
1.770051810009568172e+01 2.400050875352008006e+01 4.151150663456290579e-02 8.079288298647274713e-01
2.400050875352008006e+01 3.254279999999999973e+01 4.007735186632453706e-02 7.783566540272292000e-01
