1.000000000000000056e-01 1.355921257095313026e-01 4.689888089457905362e-02 9.057222125855003414e-01
1.355921257095313026e-01 1.838522455442933856e-01 4.489890541584440342e-02 8.709314167814716789e-01
1.838522455442933856e-01 2.492891678982144810e-01 4.357170564615101688e-02 8.470896910488090459e-01
2.492891678982144810e-01 3.380164819167915113e-01 4.346769350031823992e-02 8.453413837950370935e-01
3.380164819167915113e-01 4.583237330795510434e-01 4.430733710944338016e-02 8.619271580284348921e-01
4.583237330795510434e-01 6.214508923138416518e-01 4.780397567910767836e-02 9.308647954197237784e-01
6.214508923138416518e-01 8.426384751291882136e-01 5.383869082508706966e-02 1.049068488965394286e+00
8.426384751291882136e-01 1.142551420474046342e+00 5.916896268515740853e-02 1.152919520353605787e+00
1.142551420474046342e+00 1.549209758345204913e+00 6.224033157993774656e-02 1.212915121318401068e+00
1.549209758345204913e+00 2.100606443039755522e+00 5.830863784178975245e-02 1.136350891623095327e+00
2.100606443039755522e+00 2.848256928908980079e+00 5.382882512772241973e-02 1.049058396876631605e+00
2.848256928908980079e+00 3.862012115576700655e+00 5.031271563284398646e-02 9.805455119865581493e-01
3.862012115576700655e+00 5.236584322670087666e+00 4.690042686404438665e-02 9.140092013204379473e-01
5.236584322670087666e+00 7.100395997680434945e+00 4.451417450958330968e-02 8.673739117369784202e-01
7.100395997680434945e+00 9.627577867049382121e+00 4.296056668074964280e-02 8.370029111239757347e-01
9.627577867049382121e+00 1.305423748427261188e+01 4.196113218283868684e-02 8.174652533702333468e-01
1.305423748427261188e+01 1.770051810009568172e+01 4.136530542150999856e-02 8.056530355133881827e-01
1.770051810009568172e+01 2.400050875352008006e+01 4.074229530378949138e-02 7.930959440609124389e-01
2.400050875352008006e+01 3.254279999999999973e+01 3.917109749473245833e-02 7.611695418487921527e-01
