1.000000000000000056e-01 1.355921257095313026e-01 3.320596288021963882e-02 6.379360524327392090e-01
1.355921257095313026e-01 1.838522455442933856e-01 3.435972019334858352e-02 6.630947483601924430e-01
1.838522455442933856e-01 2.492891678982144810e-01 3.581734342246108149e-02 6.940448928542064522e-01
2.492891678982144810e-01 3.380164819167915113e-01 3.800007340356274799e-02 7.385528897127507930e-01
3.380164819167915113e-01 4.583237330795510434e-01 4.133590271097676433e-02 8.039375072345605888e-01
4.583237330795510434e-01 6.214508923138416518e-01 4.685035305124487376e-02 9.121682889734029631e-01
6.214508923138416518e-01 8.426384751291882136e-01 5.384964528984259591e-02 1.048920548070776393e+00
8.426384751291882136e-01 1.142551420474046342e+00 5.860655376738908851e-02 1.141783940357288696e+00
1.142551420474046342e+00 1.549209758345204913e+00 6.203603896305801002e-02 1.208196135132617144e+00
1.549209758345204913e+00 2.100606443039755522e+00 5.881112626670337296e-02 1.145564037746407360e+00
2.100606443039755522e+00 2.848256928908980079e+00 5.361460222792972796e-02 1.044400986055131542e+00
2.848256928908980079e+00 3.862012115576700655e+00 4.926759547501097236e-02 9.598810733347135082e-01
3.862012115576700655e+00 5.236584322670087666e+00 4.640095304330922599e-02 9.040110285970932580e-01
5.236584322670087666e+00 7.100395997680434945e+00 4.435988608621646567e-02 8.641376955895830880e-01
7.100395997680434945e+00 9.627577867049382121e+00 4.330829264217972430e-02 8.435292840397732306e-01
9.627577867049382121e+00 1.305423748427261188e+01 4.256585194759644059e-02 8.288647454168036610e-01
1.305423748427261188e+01 1.770051810009568172e+01 4.246861354472680761e-02 8.262979680546354011e-01
1.770051810009568172e+01 2.400050875352008006e+01 4.212093697803561548e-02 8.186559735914710201e-01
2.400050875352008006e+01 3.254279999999999973e+01 4.122652483561115022e-02 7.977503426121120844e-01
