1.000000000000000056e-01 1.355921257095313026e-01 6.400885634700712035e-02 1.241367154184459753e+00
1.355921257095313026e-01 1.838522455442933856e-01 5.940460402934541473e-02 1.151353211911366747e+00
1.838522455442933856e-01 2.492891678982144810e-01 5.536577565797329292e-02 1.071673867952283699e+00
2.492891678982144810e-01 3.380164819167915113e-01 5.168768779399510876e-02 1.000071197601904771e+00
3.380164819167915113e-01 4.583237330795510434e-01 4.915035831854248222e-02 9.544457405867644573e-01
4.583237330795510434e-01 6.214508923138416518e-01 4.830969723881998329e-02 9.407151280147686423e-01
6.214508923138416518e-01 8.426384751291882136e-01 5.144783083957564507e-02 1.001447163824119579e+00
8.426384751291882136e-01 1.142551420474046342e+00 5.720385614109196187e-02 1.114117152780451647e+00
1.142551420474046342e+00 1.549209758345204913e+00 5.942495266035902751e-02 1.157731959650021292e+00
1.549209758345204913e+00 2.100606443039755522e+00 5.689094182738989314e-02 1.108642656636341650e+00
2.100606443039755522e+00 2.848256928908980079e+00 5.339093948326631422e-02 1.040416831569519029e+00
2.848256928908980079e+00 3.862012115576700655e+00 5.010677841821956774e-02 9.763870417123208245e-01
3.862012115576700655e+00 5.236584322670087666e+00 4.734410333824790734e-02 9.225810192923562525e-01
5.236584322670087666e+00 7.100395997680434945e+00 4.513869039919338189e-02 8.796308402973098683e-01
7.100395997680434945e+00 9.627577867049382121e+00 4.390679898284834820e-02 8.554600739129942788e-01
9.627577867049382121e+00 1.305423748427261188e+01 4.285133338962969496e-02 8.349488875658461762e-01
1.305423748427261188e+01 1.770051810009568172e+01 4.265628370935595909e-02 8.307565578381279625e-01
1.770051810009568172e+01 2.400050875352008006e+01 4.208536405912858408e-02 8.189676324245714900e-01
2.400050875352008006e+01 3.254279999999999973e+01 4.062260360957292704e-02 7.878197705504296211e-01
