1.000000000000000056e-01 1.355921257095313026e-01 7.173230288528346932e-02 1.388419557755201872e+00
1.355921257095313026e-01 1.838522455442933856e-01 6.776688009565537407e-02 1.312055283016934970e+00
1.838522455442933856e-01 2.492891678982144810e-01 6.465244232839391370e-02 1.249262868191877596e+00
2.492891678982144810e-01 3.380164819167915113e-01 6.102815138958850305e-02 1.186677589689256518e+00
3.380164819167915113e-01 4.583237330795510434e-01 5.850811480368176692e-02 1.135156911623465215e+00
4.583237330795510434e-01 6.214508923138416518e-01 5.706237360346000376e-02 1.106802267906777049e+00
6.214508923138416518e-01 8.426384751291882136e-01 5.657453749707640200e-02 1.098860989815965583e+00
8.426384751291882136e-01 1.142551420474046342e+00 5.732112019574391037e-02 1.114802939098454848e+00
1.142551420474046342e+00 1.549209758345204913e+00 5.706806396902728423e-02 1.111086499725650212e+00
1.549209758345204913e+00 2.100606443039755522e+00 5.537699350488756861e-02 1.078848330514369014e+00
2.100606443039755522e+00 2.848256928908980079e+00 5.270167416158123147e-02 1.026782354858437385e+00
2.848256928908980079e+00 3.862012115576700655e+00 4.975155049770271787e-02 9.694262393863846139e-01
3.862012115576700655e+00 5.236584322670087666e+00 4.697077697215420317e-02 9.153452888116636599e-01
5.236584322670087666e+00 7.100395997680434945e+00 4.495314450570693510e-02 8.760138719362313697e-01
7.100395997680434945e+00 9.627577867049382121e+00 4.367570955523463611e-02 8.509920441675477010e-01
9.627577867049382121e+00 1.305423748427261188e+01 4.281474892060601473e-02 8.341284222830804840e-01
1.305423748427261188e+01 1.770051810009568172e+01 4.257171553058006902e-02 8.288521515288855834e-01
1.770051810009568172e+01 2.400050875352008006e+01 4.212659260914513454e-02 8.193330330925147065e-01
2.400050875352008006e+01 3.254279999999999973e+01 4.082754590510158377e-02 7.919686037836870529e-01
