1.000000000000000056e-01 1.355921257095313026e-01 3.796975381680504913e-02 7.328306338014775045e-01
1.355921257095313026e-01 1.838522455442933856e-01 3.702060391579770071e-02 7.179445858532427227e-01
1.838522455442933856e-01 2.492891678982144810e-01 3.732140599076585324e-02 7.245685275814948145e-01
2.492891678982144810e-01 3.380164819167915113e-01 3.753735005428016080e-02 7.293581069019595686e-01
3.380164819167915113e-01 4.583237330795510434e-01 3.922494287795401380e-02 7.635507984477196697e-01
4.583237330795510434e-01 6.214508923138416518e-01 4.340972488919450645e-02 8.453347614020849665e-01
6.214508923138416518e-01 8.426384751291882136e-01 4.969430755533046917e-02 9.677391740434387879e-01
8.426384751291882136e-01 1.142551420474046342e+00 5.719841413515815848e-02 1.114457020410771548e+00
1.142551420474046342e+00 1.549209758345204913e+00 6.125215334010559315e-02 1.193648613253909030e+00
1.549209758345204913e+00 2.100606443039755522e+00 5.756359289098551824e-02 1.121455925554143640e+00
2.100606443039755522e+00 2.848256928908980079e+00 5.186944574671175506e-02 1.010622144199911032e+00
2.848256928908980079e+00 3.862012115576700655e+00 4.808004048133960456e-02 9.367812773369050827e-01
3.862012115576700655e+00 5.236584322670087666e+00 4.564316209438387673e-02 8.894521957171068749e-01
5.236584322670087666e+00 7.100395997680434945e+00 4.407700975027473850e-02 8.589420144481147990e-01
7.100395997680434945e+00 9.627577867049382121e+00 4.322636352613330041e-02 8.423137103417276395e-01
9.627577867049382121e+00 1.305423748427261188e+01 4.273489511992065865e-02 8.322642092435448280e-01
1.305423748427261188e+01 1.770051810009568172e+01 4.259816950750613951e-02 8.290825666644319192e-01
1.770051810009568172e+01 2.400050875352008006e+01 4.235111583214879599e-02 8.224652216808413518e-01
2.400050875352008006e+01 3.254279999999999973e+01 4.128956845344600168e-02 7.994352111819057471e-01
