1.000000000000000056e-01 1.355921257095313026e-01 7.115790719678788401e-02 1.364046882336881206e+00
1.355921257095313026e-01 1.838522455442933856e-01 6.372515550799778827e-02 1.230092732185199322e+00
1.838522455442933856e-01 2.492891678982144810e-01 5.706610819191247630e-02 1.103180265024371387e+00
2.492891678982144810e-01 3.380164819167915113e-01 5.306820578102173364e-02 1.028318472072148104e+00
3.380164819167915113e-01 4.583237330795510434e-01 5.078763803552300421e-02 9.873178656460357416e-01
4.583237330795510434e-01 6.214508923138416518e-01 5.121536378737544942e-02 9.969059703353914115e-01
6.214508923138416518e-01 8.426384751291882136e-01 5.415382483951856202e-02 1.054250482701658331e+00
8.426384751291882136e-01 1.142551420474046342e+00 5.475720671356725661e-02 1.066686303101552324e+00
1.142551420474046342e+00 1.549209758345204913e+00 5.524643333678547902e-02 1.076447173376484878e+00
1.549209758345204913e+00 2.100606443039755522e+00 5.420683344660234826e-02 1.056199399250700388e+00
2.100606443039755522e+00 2.848256928908980079e+00 5.152139476353208292e-02 1.004006370833319117e+00
2.848256928908980079e+00 3.862012115576700655e+00 4.829614900713280479e-02 9.412953414916733763e-01
3.862012115576700655e+00 5.236584322670087666e+00 4.590183186535567311e-02 8.945991216125556145e-01
5.236584322670087666e+00 7.100395997680434945e+00 4.400175438635080954e-02 8.574490213998507970e-01
7.100395997680434945e+00 9.627577867049382121e+00 4.297704133075613137e-02 8.374396981453871014e-01
9.627577867049382121e+00 1.305423748427261188e+01 4.225805150011348321e-02 8.229718217346322362e-01
1.305423748427261188e+01 1.770051810009568172e+01 4.199934341589753317e-02 8.172025514920963074e-01
1.770051810009568172e+01 2.400050875352008006e+01 4.160185901333598307e-02 8.085749599078847494e-01
2.400050875352008006e+01 3.254279999999999973e+01 4.058809211785453092e-02 7.874666684217794810e-01
