1.000000000000000056e-01 1.355921257095313026e-01 4.283795990589983615e-02 8.247021296640090204e-01
1.355921257095313026e-01 1.838522455442933856e-01 4.401303220304490782e-02 8.483327473272518349e-01
1.838522455442933856e-01 2.492891678982144810e-01 4.587530111551901130e-02 8.875396454997424023e-01
2.492891678982144810e-01 3.380164819167915113e-01 4.816100036282420366e-02 9.349572929155545165e-01
3.380164819167915113e-01 4.583237330795510434e-01 5.102200402873553753e-02 9.916347347738098117e-01
4.583237330795510434e-01 6.214508923138416518e-01 5.567152529964821545e-02 1.083114101010361319e+00
6.214508923138416518e-01 8.426384751291882136e-01 6.043547941352274411e-02 1.176603241727446569e+00
8.426384751291882136e-01 1.142551420474046342e+00 6.116881536731612334e-02 1.190669534539257723e+00
1.142551420474046342e+00 1.549209758345204913e+00 5.731459124599172505e-02 1.116022317959278753e+00
1.549209758345204913e+00 2.100606443039755522e+00 5.391004447312279513e-02 1.049989622980503912e+00
2.100606443039755522e+00 2.848256928908980079e+00 5.075075207051357729e-02 9.889504216318104612e-01
2.848256928908980079e+00 3.862012115576700655e+00 4.801118241135065440e-02 9.355568482942817621e-01
3.862012115576700655e+00 5.236584322670087666e+00 4.569298271990103466e-02 8.902619578112592746e-01
5.236584322670087666e+00 7.100395997680434945e+00 4.411263392489033625e-02 8.593757926098641864e-01
7.100395997680434945e+00 9.627577867049382121e+00 4.301906109434505687e-02 8.379851740408690297e-01
9.627577867049382121e+00 1.305423748427261188e+01 4.248081647870897981e-02 8.272072349270042091e-01
1.305423748427261188e+01 1.770051810009568172e+01 4.215810096293928083e-02 8.207260645660285903e-01
1.770051810009568172e+01 2.400050875352008006e+01 4.182629875453927615e-02 8.136951092934348040e-01
2.400050875352008006e+01 3.254279999999999973e+01 4.056230492783730740e-02 7.895544979995572366e-01
