1.000000000000000056e-01 1.355921257095313026e-01 3.002441493879608875e-02 5.826346594805937862e-01
1.355921257095313026e-01 1.838522455442933856e-01 3.132450660128810460e-02 6.080013161159855128e-01
1.838522455442933856e-01 2.492891678982144810e-01 3.290224407548845292e-02 6.380662248671888914e-01
2.492891678982144810e-01 3.380164819167915113e-01 3.457855592817750401e-02 6.730701147725390854e-01
3.380164819167915113e-01 4.583237330795510434e-01 3.662238459467793972e-02 7.131919456330532148e-01
4.583237330795510434e-01 6.214508923138416518e-01 4.000117639078602794e-02 7.788961566447248908e-01
6.214508923138416518e-01 8.426384751291882136e-01 4.505746941542974199e-02 8.775844827452996544e-01
8.426384751291882136e-01 1.142551420474046342e+00 4.970584025931586852e-02 9.682260521381736984e-01
1.142551420474046342e+00 1.549209758345204913e+00 5.325309379849296060e-02 1.037690600468920588e+00
1.549209758345204913e+00 2.100606443039755522e+00 5.470790109527450679e-02 1.065867065284532345e+00
2.100606443039755522e+00 2.848256928908980079e+00 5.282332039159066961e-02 1.029082217087306406e+00
2.848256928908980079e+00 3.862012115576700655e+00 4.860635020100472631e-02 9.470662344528739673e-01
3.862012115576700655e+00 5.236584322670087666e+00 4.514101332086472435e-02 8.795823257786827831e-01
5.236584322670087666e+00 7.100395997680434945e+00 4.285731869763514251e-02 8.352234080097803437e-01
7.100395997680434945e+00 9.627577867049382121e+00 4.168331889250383865e-02 8.122090977706764026e-01
9.627577867049382121e+00 1.305423748427261188e+01 4.117900807735994789e-02 8.022087027759674527e-01
1.305423748427261188e+01 1.770051810009568172e+01 4.118530702249142278e-02 8.021725311646472623e-01
1.770051810009568172e+01 2.400050875352008006e+01 4.086736187622893451e-02 7.955091426495148887e-01
2.400050875352008006e+01 3.254279999999999973e+01 3.982295325981075745e-02 7.737591666808132373e-01
