1.000000000000000056e-01 1.355921257095313026e-01 4.267070307383579592e-02 8.281553788883362355e-01
1.355921257095313026e-01 1.838522455442933856e-01 4.174407183284389866e-02 8.103932704647079932e-01
1.838522455442933856e-01 2.492891678982144810e-01 4.111405163154777109e-02 7.993422721124384678e-01
2.492891678982144810e-01 3.380164819167915113e-01 4.158393792493986912e-02 8.088851903077216576e-01
3.380164819167915113e-01 4.583237330795510434e-01 4.343215591327949376e-02 8.450962067684982815e-01
4.583237330795510434e-01 6.214508923138416518e-01 4.945870223860746040e-02 9.631972354122946278e-01
6.214508923138416518e-01 8.426384751291882136e-01 5.805195472234247339e-02 1.131061624976253954e+00
8.426384751291882136e-01 1.142551420474046342e+00 6.704005322682760060e-02 1.306425090446612813e+00
1.142551420474046342e+00 1.549209758345204913e+00 6.801032051954045143e-02 1.325372187316796069e+00
1.549209758345204913e+00 2.100606443039755522e+00 6.168541509633883313e-02 1.202257597414626344e+00
2.100606443039755522e+00 2.848256928908980079e+00 5.604534073667812727e-02 1.092395010903193020e+00
2.848256928908980079e+00 3.862012115576700655e+00 5.169513202734295210e-02 1.007594622664035544e+00
3.862012115576700655e+00 5.236584322670087666e+00 4.818434712768382422e-02 9.391962143446418443e-01
5.236584322670087666e+00 7.100395997680434945e+00 4.579591092825226889e-02 8.926576301478730269e-01
7.100395997680434945e+00 9.627577867049382121e+00 4.401362447025060354e-02 8.578900275858040159e-01
9.627577867049382121e+00 1.305423748427261188e+01 4.282616716143995000e-02 8.346839257566482928e-01
1.305423748427261188e+01 1.770051810009568172e+01 4.249613456649171256e-02 8.281727894435325643e-01
1.770051810009568172e+01 2.400050875352008006e+01 4.189387655567401725e-02 8.162491175224036999e-01
2.400050875352008006e+01 3.254279999999999973e+01 4.031279613599293710e-02 7.849334362314038804e-01
