1.000000000000000056e-01 1.355921257095313026e-01 4.975425580102815770e-02 9.595020805048130041e-01
1.355921257095313026e-01 1.838522455442933856e-01 4.646231161721058739e-02 8.993242582200147162e-01
1.838522455442933856e-01 2.492891678982144810e-01 4.476016872470981595e-02 8.645354611525165600e-01
2.492891678982144810e-01 3.380164819167915113e-01 4.499515796745147400e-02 8.706821406179471312e-01
3.380164819167915113e-01 4.583237330795510434e-01 4.656326375781349308e-02 9.060830210809269758e-01
4.583237330795510434e-01 6.214508923138416518e-01 5.296079668771491028e-02 1.030711706502809077e+00
6.214508923138416518e-01 8.426384751291882136e-01 6.023123234889399269e-02 1.173481421521051615e+00
8.426384751291882136e-01 1.142551420474046342e+00 6.281655265886636197e-02 1.223982685015209793e+00
1.142551420474046342e+00 1.549209758345204913e+00 6.191910726693256040e-02 1.206708294083952637e+00
1.549209758345204913e+00 2.100606443039755522e+00 5.912775440513528408e-02 1.152303510633059913e+00
2.100606443039755522e+00 2.848256928908980079e+00 5.492227047992304795e-02 1.070403522446473188e+00
2.848256928908980079e+00 3.862012115576700655e+00 5.111531191433529853e-02 9.962996787663073173e-01
3.862012115576700655e+00 5.236584322670087666e+00 4.763105582574555380e-02 9.283811867855450428e-01
5.236584322670087666e+00 7.100395997680434945e+00 4.514770576785732958e-02 8.799544198799273964e-01
7.100395997680434945e+00 9.627577867049382121e+00 4.350001720730041488e-02 8.478277754595862081e-01
9.627577867049382121e+00 1.305423748427261188e+01 4.216129034934313485e-02 8.216616150257552986e-01
1.305423748427261188e+01 1.770051810009568172e+01 4.164829498351543813e-02 8.114475937175325004e-01
1.770051810009568172e+01 2.400050875352008006e+01 4.093193288948375475e-02 7.972010955469872595e-01
2.400050875352008006e+01 3.254279999999999973e+01 3.916848425744937773e-02 7.622905391785993467e-01
