1.000000000000000056e-01 1.355921257095313026e-01 4.458004816920457108e-02 8.549720276290107002e-01
1.355921257095313026e-01 1.838522455442933856e-01 4.522213156488761460e-02 8.703906862725545590e-01
1.838522455442933856e-01 2.492891678982144810e-01 4.525439921900703544e-02 8.775902354846072395e-01
2.492891678982144810e-01 3.380164819167915113e-01 4.634722500071219303e-02 8.988697236917575495e-01
3.380164819167915113e-01 4.583237330795510434e-01 4.842811304772248748e-02 9.405191283269352942e-01
4.583237330795510434e-01 6.214508923138416518e-01 5.216413695531003231e-02 1.015265862898176552e+00
6.214508923138416518e-01 8.426384751291882136e-01 5.760238921954045910e-02 1.121165137502891262e+00
8.426384751291882136e-01 1.142551420474046342e+00 6.018382434144075449e-02 1.171591199212075329e+00
1.142551420474046342e+00 1.549209758345204913e+00 5.834995676761962902e-02 1.136096095232310477e+00
1.549209758345204913e+00 2.100606443039755522e+00 5.529084442642372837e-02 1.077392503580474337e+00
2.100606443039755522e+00 2.848256928908980079e+00 5.187935487165266923e-02 1.010895452167469566e+00
2.848256928908980079e+00 3.862012115576700655e+00 4.903770246318519405e-02 9.554964085691428632e-01
3.862012115576700655e+00 5.236584322670087666e+00 4.610291388807326307e-02 8.981749553894579075e-01
5.236584322670087666e+00 7.100395997680434945e+00 4.411845629392686235e-02 8.595296521949253865e-01
7.100395997680434945e+00 9.627577867049382121e+00 4.289939839082198419e-02 8.355036604049060900e-01
9.627577867049382121e+00 1.305423748427261188e+01 4.217286108293850228e-02 8.210720716357399196e-01
1.305423748427261188e+01 1.770051810009568172e+01 4.192760397681533774e-02 8.156417838119988106e-01
1.770051810009568172e+01 2.400050875352008006e+01 4.147648075035378218e-02 8.053998485694100484e-01
2.400050875352008006e+01 3.254279999999999973e+01 4.016183879997018563e-02 7.753202575172462030e-01
