1.000000000000000056e-01 1.355921257095313026e-01 4.573041440268341140e-02 8.882559878535889464e-01
1.355921257095313026e-01 1.838522455442933856e-01 4.315351074963788558e-02 8.388964626221994125e-01
1.838522455442933856e-01 2.492891678982144810e-01 4.129035705189742361e-02 8.021163433882310123e-01
2.492891678982144810e-01 3.380164819167915113e-01 4.010144292425370932e-02 7.806277427059223895e-01
3.380164819167915113e-01 4.583237330795510434e-01 4.009826997180849367e-02 7.809267449067810452e-01
4.583237330795510434e-01 6.214508923138416518e-01 4.191158272642627608e-02 8.161865402651423684e-01
6.214508923138416518e-01 8.426384751291882136e-01 4.832840406997266497e-02 9.411136546432190553e-01
8.426384751291882136e-01 1.142551420474046342e+00 5.434868057549455816e-02 1.058944797235135127e+00
1.142551420474046342e+00 1.549209758345204913e+00 5.735985471159187749e-02 1.117459031387612933e+00
1.549209758345204913e+00 2.100606443039755522e+00 5.706841912531405298e-02 1.111640834416394163e+00
2.100606443039755522e+00 2.848256928908980079e+00 5.426320445388838759e-02 1.057534129945342904e+00
2.848256928908980079e+00 3.862012115576700655e+00 5.036816117223818362e-02 9.816810910445799010e-01
3.862012115576700655e+00 5.236584322670087666e+00 4.636066099300565485e-02 9.036310387219235185e-01
5.236584322670087666e+00 7.100395997680434945e+00 4.381001584440259722e-02 8.539047922524208856e-01
7.100395997680434945e+00 9.627577867049382121e+00 4.218371499080501158e-02 8.221250151319778876e-01
9.627577867049382121e+00 1.305423748427261188e+01 4.120747160694489958e-02 8.030302363827672707e-01
1.305423748427261188e+01 1.770051810009568172e+01 4.083466981950734792e-02 7.956656264914817589e-01
1.770051810009568172e+01 2.400050875352008006e+01 4.044075675257219338e-02 7.874425895511809603e-01
2.400050875352008006e+01 3.254279999999999973e+01 3.881108061930081676e-02 7.539736416325308888e-01
