1.000000000000000056e-01 1.355921257095313026e-01 5.891654432844754818e-02 1.128700457886776087e+00
1.355921257095313026e-01 1.838522455442933856e-01 5.646850491926653365e-02 1.089172282124218905e+00
1.838522455442933856e-01 2.492891678982144810e-01 5.493634219170901584e-02 1.060957073909299053e+00
2.492891678982144810e-01 3.380164819167915113e-01 5.488697562658364365e-02 1.064846211174236501e+00
3.380164819167915113e-01 4.583237330795510434e-01 5.644106518664317867e-02 1.096076027829649080e+00
4.583237330795510434e-01 6.214508923138416518e-01 6.019203411512910606e-02 1.169672939299244652e+00
6.214508923138416518e-01 8.426384751291882136e-01 6.308918475348292143e-02 1.228755666651127898e+00
8.426384751291882136e-01 1.142551420474046342e+00 6.138980237623552910e-02 1.195664800859144838e+00
1.142551420474046342e+00 1.549209758345204913e+00 5.793112082188340423e-02 1.128698187082139315e+00
1.549209758345204913e+00 2.100606443039755522e+00 5.465338401668268925e-02 1.064774809171885384e+00
2.100606443039755522e+00 2.848256928908980079e+00 5.156798025323203888e-02 1.004822845948003085e+00
2.848256928908980079e+00 3.862012115576700655e+00 4.886153522598969678e-02 9.519463281005068334e-01
3.862012115576700655e+00 5.236584322670087666e+00 4.620553484732036614e-02 9.001845799237561119e-01
5.236584322670087666e+00 7.100395997680434945e+00 4.452431252412353269e-02 8.672805133237229125e-01
7.100395997680434945e+00 9.627577867049382121e+00 4.364697434016550498e-02 8.499520419805767224e-01
9.627577867049382121e+00 1.305423748427261188e+01 4.322911756224388086e-02 8.410494331318838501e-01
1.305423748427261188e+01 1.770051810009568172e+01 4.321404061098807481e-02 8.401302527304627121e-01
1.770051810009568172e+01 2.400050875352008006e+01 4.281674365642711144e-02 8.309341344501609550e-01
2.400050875352008006e+01 3.254279999999999973e+01 4.191896768036360715e-02 8.109143068353592554e-01
