1.000000000000000056e-01 1.355921257095313026e-01 4.615872034116853123e-02 8.923741188674785274e-01
1.355921257095313026e-01 1.838522455442933856e-01 4.324531945229503904e-02 8.360047344556058579e-01
1.838522455442933856e-01 2.492891678982144810e-01 4.082872760816097513e-02 7.926367958084789000e-01
2.492891678982144810e-01 3.380164819167915113e-01 3.926504499342579890e-02 7.628770345075608361e-01
3.380164819167915113e-01 4.583237330795510434e-01 3.880241461112217405e-02 7.554173453782263570e-01
4.583237330795510434e-01 6.214508923138416518e-01 4.073578643576879210e-02 7.929731071340555548e-01
6.214508923138416518e-01 8.426384751291882136e-01 4.462252837321804833e-02 8.685641908713277459e-01
8.426384751291882136e-01 1.142551420474046342e+00 4.892690898304734304e-02 9.522993487894990672e-01
1.142551420474046342e+00 1.549209758345204913e+00 5.287444559589367377e-02 1.029215812416143905e+00
1.549209758345204913e+00 2.100606443039755522e+00 5.524765891243217653e-02 1.075738665566723817e+00
2.100606443039755522e+00 2.848256928908980079e+00 5.393791714977160673e-02 1.050729887743701463e+00
2.848256928908980079e+00 3.862012115576700655e+00 5.011783450867494244e-02 9.765704276423633479e-01
3.862012115576700655e+00 5.236584322670087666e+00 4.628484472003574490e-02 9.018841721556178914e-01
5.236584322670087666e+00 7.100395997680434945e+00 4.379514902082622813e-02 8.535160265839201177e-01
7.100395997680434945e+00 9.627577867049382121e+00 4.252057917298395634e-02 8.285938755050527016e-01
9.627577867049382121e+00 1.305423748427261188e+01 4.166906700173438755e-02 8.119441344484112921e-01
1.305423748427261188e+01 1.770051810009568172e+01 4.148713616012059818e-02 8.082616375656096475e-01
1.770051810009568172e+01 2.400050875352008006e+01 4.127108449286616410e-02 8.032917377166054473e-01
2.400050875352008006e+01 3.254279999999999973e+01 3.969660871080011449e-02 7.708453773513331830e-01
