1.000000000000000056e-01 1.355921257095313026e-01 4.687732513751575320e-02 9.057806723070093158e-01
1.355921257095313026e-01 1.838522455442933856e-01 4.417038557012740313e-02 8.574921455466421039e-01
1.838522455442933856e-01 2.492891678982144810e-01 4.273763243834292902e-02 8.301303056362943078e-01
2.492891678982144810e-01 3.380164819167915113e-01 4.187270348542388582e-02 8.144112016319335901e-01
3.380164819167915113e-01 4.583237330795510434e-01 4.274619295170231648e-02 8.318555413767892981e-01
4.583237330795510434e-01 6.214508923138416518e-01 4.609491373840920309e-02 8.977467603657940387e-01
6.214508923138416518e-01 8.426384751291882136e-01 5.126682971797886373e-02 9.986441366996995361e-01
8.426384751291882136e-01 1.142551420474046342e+00 5.603587406927033887e-02 1.091646429687722852e+00
1.142551420474046342e+00 1.549209758345204913e+00 5.889888660847979185e-02 1.147260247427833946e+00
1.549209758345204913e+00 2.100606443039755522e+00 5.724247739587814965e-02 1.115448274702713016e+00
2.100606443039755522e+00 2.848256928908980079e+00 5.384146079513882355e-02 1.049333931834622646e+00
2.848256928908980079e+00 3.862012115576700655e+00 4.997785184881323867e-02 9.741243719394749867e-01
3.862012115576700655e+00 5.236584322670087666e+00 4.648069803608333855e-02 9.059840613249935393e-01
5.236584322670087666e+00 7.100395997680434945e+00 4.410811609425824287e-02 8.597141606699406635e-01
7.100395997680434945e+00 9.627577867049382121e+00 4.268435131062416066e-02 8.319738956856133072e-01
9.627577867049382121e+00 1.305423748427261188e+01 4.164779919801017000e-02 8.117823358104619969e-01
1.305423748427261188e+01 1.770051810009568172e+01 4.116018037060448220e-02 8.022015810895934962e-01
1.770051810009568172e+01 2.400050875352008006e+01 4.049711212578924191e-02 7.891052643798105448e-01
2.400050875352008006e+01 3.254279999999999973e+01 3.913687049988322925e-02 7.622492738971550219e-01
