1.000000000000000056e-01 1.355921257095313026e-01 6.330963010852078132e-02 1.210790533675023761e+00
1.355921257095313026e-01 1.838522455442933856e-01 5.769055113238914095e-02 1.110837365770413143e+00
1.838522455442933856e-01 2.492891678982144810e-01 5.336259136659480401e-02 1.023767886358986967e+00
2.492891678982144810e-01 3.380164819167915113e-01 5.035552208950027503e-02 9.763783572838860003e-01
3.380164819167915113e-01 4.583237330795510434e-01 5.000418353508519903e-02 9.706911970538995016e-01
4.583237330795510434e-01 6.214508923138416518e-01 5.325518804568653980e-02 1.036047987995482922e+00
6.214508923138416518e-01 8.426384751291882136e-01 5.800538776476577701e-02 1.129138444631760496e+00
8.426384751291882136e-01 1.142551420474046342e+00 6.035297595794462261e-02 1.175397762286878534e+00
1.142551420474046342e+00 1.549209758345204913e+00 5.843684797733050829e-02 1.138442849745986196e+00
1.549209758345204913e+00 2.100606443039755522e+00 5.556485174208121436e-02 1.082929937973302836e+00
2.100606443039755522e+00 2.848256928908980079e+00 5.225664815080464237e-02 1.018347719975701393e+00
2.848256928908980079e+00 3.862012115576700655e+00 4.925719791528664765e-02 9.598531927514178941e-01
3.862012115576700655e+00 5.236584322670087666e+00 4.667593754041028664e-02 9.094846136498720979e-01
5.236584322670087666e+00 7.100395997680434945e+00 4.470123064289877046e-02 8.710587051566863748e-01
7.100395997680434945e+00 9.627577867049382121e+00 4.367355928463762665e-02 8.508663550550850108e-01
9.627577867049382121e+00 1.305423748427261188e+01 4.305288170864017550e-02 8.382413002326325469e-01
1.305423748427261188e+01 1.770051810009568172e+01 4.303247582822601613e-02 8.378411061406363380e-01
1.770051810009568172e+01 2.400050875352008006e+01 4.278975877234916098e-02 8.317753610890432636e-01
2.400050875352008006e+01 3.254279999999999973e+01 4.141057506288506329e-02 8.012929285781218436e-01
