1.000000000000000056e-01 1.355921257095313026e-01 4.729298895372190809e-02 9.137456736219754516e-01
1.355921257095313026e-01 1.838522455442933856e-01 4.858402620108637215e-02 9.396435528092587086e-01
1.838522455442933856e-01 2.492891678982144810e-01 5.064707472011890227e-02 9.816267297590167695e-01
2.492891678982144810e-01 3.380164819167915113e-01 5.161688841667021188e-02 1.003915008337852743e+00
3.380164819167915113e-01 4.583237330795510434e-01 5.402269089707267130e-02 1.050764508403689401e+00
4.583237330795510434e-01 6.214508923138416518e-01 5.872668165096755349e-02 1.143657868477418571e+00
6.214508923138416518e-01 8.426384751291882136e-01 6.348088323818461276e-02 1.236672292737881484e+00
8.426384751291882136e-01 1.142551420474046342e+00 6.391073617384566974e-02 1.245376726620126995e+00
1.142551420474046342e+00 1.549209758345204913e+00 6.146884056663155099e-02 1.197963521565602596e+00
1.549209758345204913e+00 2.100606443039755522e+00 5.827341263954351203e-02 1.135720541680500739e+00
2.100606443039755522e+00 2.848256928908980079e+00 5.465674977828335890e-02 1.065365618235708522e+00
2.848256928908980079e+00 3.862012115576700655e+00 5.120611146723370866e-02 9.980979465475440238e-01
3.862012115576700655e+00 5.236584322670087666e+00 4.788325654986681085e-02 9.333631088095337702e-01
5.236584322670087666e+00 7.100395997680434945e+00 4.541814127657863021e-02 8.853271774749372769e-01
7.100395997680434945e+00 9.627577867049382121e+00 4.381524002906354853e-02 8.540732967258427566e-01
9.627577867049382121e+00 1.305423748427261188e+01 4.239688396958553318e-02 8.263907522530616889e-01
1.305423748427261188e+01 1.770051810009568172e+01 4.203540676519889469e-02 8.193238701864413720e-01
1.770051810009568172e+01 2.400050875352008006e+01 4.128980412100988900e-02 8.047214677712332120e-01
2.400050875352008006e+01 3.254279999999999973e+01 3.961429554950999382e-02 7.720084145691614719e-01
