1.000000000000000056e-01 1.355921257095313026e-01 4.959947479821016220e-02 9.573692334593941755e-01
1.355921257095313026e-01 1.838522455442933856e-01 4.823469203476349332e-02 9.342293475061683727e-01
1.838522455442933856e-01 2.492891678982144810e-01 4.699900901059590741e-02 9.118865562381531786e-01
2.492891678982144810e-01 3.380164819167915113e-01 4.696744057040595083e-02 9.096597636107902618e-01
3.380164819167915113e-01 4.583237330795510434e-01 4.827342216828060112e-02 9.376447153498708165e-01
4.583237330795510434e-01 6.214508923138416518e-01 5.244512309926226135e-02 1.020212876712834893e+00
6.214508923138416518e-01 8.426384751291882136e-01 5.834338997877114991e-02 1.135879828355879528e+00
8.426384751291882136e-01 1.142551420474046342e+00 6.078551915374064141e-02 1.184357495934284854e+00
1.142551420474046342e+00 1.549209758345204913e+00 6.078209199846747179e-02 1.184504728519094829e+00
1.549209758345204913e+00 2.100606443039755522e+00 5.780831881078257739e-02 1.126516569497406195e+00
2.100606443039755522e+00 2.848256928908980079e+00 5.398908788593738406e-02 1.052125486866261506e+00
2.848256928908980079e+00 3.862012115576700655e+00 5.033104648576181006e-02 9.809556022648310281e-01
3.862012115576700655e+00 5.236584322670087666e+00 4.709783111323236765e-02 9.179470428874088039e-01
5.236584322670087666e+00 7.100395997680434945e+00 4.490719913326477603e-02 8.751762212558042986e-01
7.100395997680434945e+00 9.627577867049382121e+00 4.342299423579661088e-02 8.461366027722703187e-01
9.627577867049382121e+00 1.305423748427261188e+01 4.233463451443619796e-02 8.246584384399646694e-01
1.305423748427261188e+01 1.770051810009568172e+01 4.207649883066928026e-02 8.192614480829134571e-01
1.770051810009568172e+01 2.400050875352008006e+01 4.167113609050474704e-02 8.104982024085590764e-01
2.400050875352008006e+01 3.254279999999999973e+01 4.031498219623365353e-02 7.822589279171513477e-01
