1.000000000000000056e-01 1.355921257095313026e-01 4.121025021520807047e-02 7.959267612955028826e-01
1.355921257095313026e-01 1.838522455442933856e-01 4.066759666924377181e-02 7.857970335481250235e-01
1.838522455442933856e-01 2.492891678982144810e-01 4.037274074775334259e-02 7.840160447571028479e-01
2.492891678982144810e-01 3.380164819167915113e-01 4.102014367859783961e-02 7.962701585426170681e-01
3.380164819167915113e-01 4.583237330795510434e-01 4.232951548365139482e-02 8.228908452060234024e-01
4.583237330795510434e-01 6.214508923138416518e-01 4.586951791143226848e-02 8.923080326404159157e-01
6.214508923138416518e-01 8.426384751291882136e-01 5.075751329797820871e-02 9.885722392418039295e-01
8.426384751291882136e-01 1.142551420474046342e+00 5.466698809744197779e-02 1.065101228667651334e+00
1.142551420474046342e+00 1.549209758345204913e+00 5.746829127958867633e-02 1.119850925291101307e+00
1.549209758345204913e+00 2.100606443039755522e+00 5.622837931664861899e-02 1.095778808972546647e+00
2.100606443039755522e+00 2.848256928908980079e+00 5.220806945125641002e-02 1.017307603426166107e+00
2.848256928908980079e+00 3.862012115576700655e+00 4.846871266072431961e-02 9.445349996288487926e-01
3.862012115576700655e+00 5.236584322670087666e+00 4.561891530322448318e-02 8.889752248484119601e-01
5.236584322670087666e+00 7.100395997680434945e+00 4.372761879672597274e-02 8.520510976408018911e-01
7.100395997680434945e+00 9.627577867049382121e+00 4.242337216871731875e-02 8.266273570000992610e-01
9.627577867049382121e+00 1.305423748427261188e+01 4.174191071194887498e-02 8.132196320550375557e-01
1.305423748427261188e+01 1.770051810009568172e+01 4.135448668109356629e-02 8.052426054348990059e-01
1.770051810009568172e+01 2.400050875352008006e+01 4.084361982330730195e-02 7.944357949891067694e-01
2.400050875352008006e+01 3.254279999999999973e+01 3.927705312460957887e-02 7.626345983784468263e-01
