1.000000000000000056e-01 1.355921257095313026e-01 7.007680191098242251e-02 1.360049007863303405e+00
1.355921257095313026e-01 1.838522455442933856e-01 7.185083565495588298e-02 1.391632442504434852e+00
1.838522455442933856e-01 2.492891678982144810e-01 7.263556934579745716e-02 1.408157957017119433e+00
2.492891678982144810e-01 3.380164819167915113e-01 7.199831116730083524e-02 1.398455972872347131e+00
3.380164819167915113e-01 4.583237330795510434e-01 6.888697051593793697e-02 1.334271757688224591e+00
4.583237330795510434e-01 6.214508923138416518e-01 6.018447206051664305e-02 1.167670788934722648e+00
6.214508923138416518e-01 8.426384751291882136e-01 5.256515307975858503e-02 1.021108805774440409e+00
8.426384751291882136e-01 1.142551420474046342e+00 5.022061163963570385e-02 9.776464902197676832e-01
1.142551420474046342e+00 1.549209758345204913e+00 5.223762495628350017e-02 1.017690561594432275e+00
1.549209758345204913e+00 2.100606443039755522e+00 5.332607883560796375e-02 1.039149133321832341e+00
2.100606443039755522e+00 2.848256928908980079e+00 5.210104756284020949e-02 1.015080265345760679e+00
2.848256928908980079e+00 3.862012115576700655e+00 4.894470379774620850e-02 9.537846872090408601e-01
3.862012115576700655e+00 5.236584322670087666e+00 4.630723395015511751e-02 9.023996329158735508e-01
5.236584322670087666e+00 7.100395997680434945e+00 4.412248970837354123e-02 8.597781519612582857e-01
7.100395997680434945e+00 9.627577867049382121e+00 4.280094039223680119e-02 8.340779894435821351e-01
9.627577867049382121e+00 1.305423748427261188e+01 4.199543700274451646e-02 8.183037497635089474e-01
1.305423748427261188e+01 1.770051810009568172e+01 4.155575689079687302e-02 8.094254251320125437e-01
1.770051810009568172e+01 2.400050875352008006e+01 4.099908175554196899e-02 7.979909923968905305e-01
2.400050875352008006e+01 3.254279999999999973e+01 3.988753447146504982e-02 7.752376680757957494e-01
