1.000000000000000056e-01 1.355921257095313026e-01 4.750477649614580355e-02 9.246440919268924530e-01
1.355921257095313026e-01 1.838522455442933856e-01 4.442179901703890293e-02 8.637034785508115320e-01
1.838522455442933856e-01 2.492891678982144810e-01 4.227738480186758740e-02 8.212806586244478790e-01
2.492891678982144810e-01 3.380164819167915113e-01 4.093328482742401853e-02 7.948902789843521610e-01
3.380164819167915113e-01 4.583237330795510434e-01 4.069810086291820311e-02 7.924559939672868314e-01
4.583237330795510434e-01 6.214508923138416518e-01 4.386545882287295334e-02 8.535255023478502956e-01
6.214508923138416518e-01 8.426384751291882136e-01 5.316776340687239671e-02 1.035304299894393321e+00
8.426384751291882136e-01 1.142551420474046342e+00 6.479382976209559220e-02 1.262052527937043367e+00
1.142551420474046342e+00 1.549209758345204913e+00 6.445498827414569698e-02 1.255579832542878860e+00
1.549209758345204913e+00 2.100606443039755522e+00 5.915111631573516382e-02 1.152440293640271785e+00
2.100606443039755522e+00 2.848256928908980079e+00 5.405492404428659248e-02 1.053269369119844923e+00
2.848256928908980079e+00 3.862012115576700655e+00 5.047109106281814223e-02 9.835751266902353906e-01
3.862012115576700655e+00 5.236584322670087666e+00 4.708576257106934781e-02 9.176708882963036107e-01
5.236584322670087666e+00 7.100395997680434945e+00 4.476745719257698569e-02 8.724588204335160802e-01
7.100395997680434945e+00 9.627577867049382121e+00 4.323017343070732765e-02 8.423551674610191276e-01
9.627577867049382121e+00 1.305423748427261188e+01 4.219630551014428438e-02 8.220424678720834599e-01
1.305423748427261188e+01 1.770051810009568172e+01 4.187720613814256698e-02 8.155542817474648043e-01
1.770051810009568172e+01 2.400050875352008006e+01 4.138581239739536760e-02 8.051890815049572714e-01
2.400050875352008006e+01 3.254279999999999973e+01 3.988851256183972849e-02 7.740580337903755215e-01
