1.000000000000000056e-01 1.355921257095313026e-01 3.642301553729394847e-02 7.077049074387664618e-01
1.355921257095313026e-01 1.838522455442933856e-01 3.636483333542923219e-02 7.075734307793751787e-01
1.838522455442933856e-01 2.492891678982144810e-01 3.673642451085967764e-02 7.157050756125610258e-01
2.492891678982144810e-01 3.380164819167915113e-01 3.775304090223333825e-02 7.350040064288937414e-01
3.380164819167915113e-01 4.583237330795510434e-01 3.976978550207729834e-02 7.745672070819964450e-01
4.583237330795510434e-01 6.214508923138416518e-01 4.422396768742611894e-02 8.610844206738613726e-01
6.214508923138416518e-01 8.426384751291882136e-01 5.430790839597502556e-02 1.057987524724806061e+00
8.426384751291882136e-01 1.142551420474046342e+00 6.830060713626399937e-02 1.330525238625122952e+00
1.142551420474046342e+00 1.549209758345204913e+00 6.882537853144088391e-02 1.341243229598706010e+00
1.549209758345204913e+00 2.100606443039755522e+00 6.084821367203404469e-02 1.185950520779959882e+00
2.100606443039755522e+00 2.848256928908980079e+00 5.464935627552641728e-02 1.065009500621883154e+00
2.848256928908980079e+00 3.862012115576700655e+00 5.061091857011360690e-02 9.863543004358193977e-01
3.862012115576700655e+00 5.236584322670087666e+00 4.702379167026140422e-02 9.163704346657614019e-01
5.236584322670087666e+00 7.100395997680434945e+00 4.457299229590569456e-02 8.684721903312762059e-01
7.100395997680434945e+00 9.627577867049382121e+00 4.300264744279593682e-02 8.378451180002718379e-01
9.627577867049382121e+00 1.305423748427261188e+01 4.194624135757654693e-02 8.171837382825420937e-01
1.305423748427261188e+01 1.770051810009568172e+01 4.140452415399378805e-02 8.066957802191099258e-01
1.770051810009568172e+01 2.400050875352008006e+01 4.072226804391124860e-02 7.931832109134908659e-01
2.400050875352008006e+01 3.254279999999999973e+01 3.905179942527211429e-02 7.599056346263834971e-01
