1.000000000000000056e-01 1.355921257095313026e-01 3.080044926036886246e-02 5.939550583523182103e-01
1.355921257095313026e-01 1.838522455442933856e-01 3.291530041779878318e-02 6.385820884249987506e-01
1.838522455442933856e-01 2.492891678982144810e-01 3.633594757361920807e-02 7.057510824537601701e-01
2.492891678982144810e-01 3.380164819167915113e-01 4.000815985134261593e-02 7.763029620941194198e-01
3.380164819167915113e-01 4.583237330795510434e-01 4.517995066150094080e-02 8.797285759275897954e-01
4.583237330795510434e-01 6.214508923138416518e-01 5.239987682090387761e-02 1.020268550997100121e+00
6.214508923138416518e-01 8.426384751291882136e-01 5.963855778636829863e-02 1.161351007440446947e+00
8.426384751291882136e-01 1.142551420474046342e+00 6.318345625078572447e-02 1.231011647131222242e+00
1.142551420474046342e+00 1.549209758345204913e+00 6.192712586200080360e-02 1.206679346118935126e+00
1.549209758345204913e+00 2.100606443039755522e+00 5.757387938118074117e-02 1.122037868379197390e+00
2.100606443039755522e+00 2.848256928908980079e+00 5.300439380879827522e-02 1.032715148514189218e+00
2.848256928908980079e+00 3.862012115576700655e+00 4.967160146360493495e-02 9.679337213222264369e-01
3.862012115576700655e+00 5.236584322670087666e+00 4.686941180872136042e-02 9.133102087373607958e-01
5.236584322670087666e+00 7.100395997680434945e+00 4.472004668159549473e-02 8.714709320998594855e-01
7.100395997680434945e+00 9.627577867049382121e+00 4.365406277506603955e-02 8.504422211166797752e-01
9.627577867049382121e+00 1.305423748427261188e+01 4.276151862586741181e-02 8.330585465318222083e-01
1.305423748427261188e+01 1.770051810009568172e+01 4.254056702277676100e-02 8.281785025421193325e-01
1.770051810009568172e+01 2.400050875352008006e+01 4.200931103254158805e-02 8.165589515050608593e-01
2.400050875352008006e+01 3.254279999999999973e+01 4.057824407753669177e-02 7.867188756447700548e-01
