1.000000000000000056e-01 1.355921257095313026e-01 4.788629945499434798e-02 9.158044611728158868e-01
1.355921257095313026e-01 1.838522455442933856e-01 4.537503993909659111e-02 8.732097256455312317e-01
1.838522455442933856e-01 2.492891678982144810e-01 4.556094513480731661e-02 8.759883868038991217e-01
2.492891678982144810e-01 3.380164819167915113e-01 4.661940662871007224e-02 9.043510639974249310e-01
3.380164819167915113e-01 4.583237330795510434e-01 5.053201898295563849e-02 9.822905800370027585e-01
4.583237330795510434e-01 6.214508923138416518e-01 5.780374713499233930e-02 1.124362726693029169e+00
6.214508923138416518e-01 8.426384751291882136e-01 6.517606709728406000e-02 1.267770102475261673e+00
8.426384751291882136e-01 1.142551420474046342e+00 6.809028328730180879e-02 1.326112303168993645e+00
1.142551420474046342e+00 1.549209758345204913e+00 6.536689217174292132e-02 1.272970853962818616e+00
1.549209758345204913e+00 2.100606443039755522e+00 5.990277372870379813e-02 1.166958928836306697e+00
2.100606443039755522e+00 2.848256928908980079e+00 5.484475637067257742e-02 1.068423612975971215e+00
2.848256928908980079e+00 3.862012115576700655e+00 5.113471459515441658e-02 9.961084490209807241e-01
3.862012115576700655e+00 5.236584322670087666e+00 4.794694462698990273e-02 9.341475978937719971e-01
5.236584322670087666e+00 7.100395997680434945e+00 4.551918524260054055e-02 8.865761877685109926e-01
7.100395997680434945e+00 9.627577867049382121e+00 4.390008498733950076e-02 8.549982042125727766e-01
9.627577867049382121e+00 1.305423748427261188e+01 4.272516745897860652e-02 8.319311392030591668e-01
1.305423748427261188e+01 1.770051810009568172e+01 4.204913803965296820e-02 8.185835652773560955e-01
1.770051810009568172e+01 2.400050875352008006e+01 4.136405262708511138e-02 8.040107546548872497e-01
2.400050875352008006e+01 3.254279999999999973e+01 3.984178421709294593e-02 7.697260755289970779e-01
