1.000000000000000056e-01 1.355921257095313026e-01 3.727719214067349435e-02 7.201233766388236424e-01
1.355921257095313026e-01 1.838522455442933856e-01 3.931936788123582133e-02 7.640658541848350804e-01
1.838522455442933856e-01 2.492891678982144810e-01 4.138055248171099154e-02 8.043347888452838657e-01
2.492891678982144810e-01 3.380164819167915113e-01 4.367579525531570944e-02 8.491806419832461650e-01
3.380164819167915113e-01 4.583237330795510434e-01 4.659205035802456429e-02 9.056537022708058826e-01
4.583237330795510434e-01 6.214508923138416518e-01 5.026475772754672444e-02 9.775864297414609272e-01
6.214508923138416518e-01 8.426384751291882136e-01 5.530957871899006700e-02 1.076740924568706292e+00
8.426384751291882136e-01 1.142551420474046342e+00 5.797145458675947993e-02 1.128334598265751110e+00
1.142551420474046342e+00 1.549209758345204913e+00 5.742308209256564988e-02 1.118038174740841884e+00
1.549209758345204913e+00 2.100606443039755522e+00 5.538950760694993231e-02 1.079070184534324239e+00
2.100606443039755522e+00 2.848256928908980079e+00 5.242963842050864243e-02 1.021502849126927792e+00
2.848256928908980079e+00 3.862012115576700655e+00 4.928177915624589595e-02 9.604764327245232103e-01
3.862012115576700655e+00 5.236584322670087666e+00 4.606369792163877291e-02 8.978186928997087257e-01
5.236584322670087666e+00 7.100395997680434945e+00 4.389185007361495749e-02 8.554861796985180344e-01
7.100395997680434945e+00 9.627577867049382121e+00 4.242816279369153454e-02 8.268989787153703253e-01
9.627577867049382121e+00 1.305423748427261188e+01 4.149527047456763595e-02 8.086480036582168740e-01
1.305423748427261188e+01 1.770051810009568172e+01 4.122292139386285470e-02 8.032165781687441442e-01
1.770051810009568172e+01 2.400050875352008006e+01 4.075553682174960085e-02 7.937925630120260534e-01
2.400050875352008006e+01 3.254279999999999973e+01 3.933549974299557078e-02 7.653050099216301971e-01
