1.000000000000000056e-01 1.355921257095313026e-01 6.775690112161963929e-02 1.313978533005055294e+00
1.355921257095313026e-01 1.838522455442933856e-01 6.510017066854512091e-02 1.265563050987935645e+00
1.838522455442933856e-01 2.492891678982144810e-01 6.235648694241952006e-02 1.214540093459610226e+00
2.492891678982144810e-01 3.380164819167915113e-01 5.968088105669805410e-02 1.160975647484454587e+00
3.380164819167915113e-01 4.583237330795510434e-01 5.633804253104490734e-02 1.096060249717104140e+00
4.583237330795510434e-01 6.214508923138416518e-01 5.241840672786863414e-02 1.020918837258739664e+00
6.214508923138416518e-01 8.426384751291882136e-01 4.611684720584837555e-02 8.977417693856064584e-01
8.426384751291882136e-01 1.142551420474046342e+00 4.344115910313192663e-02 8.464585845418282073e-01
1.142551420474046342e+00 1.549209758345204913e+00 4.765726755692743094e-02 9.286892830201588511e-01
1.549209758345204913e+00 2.100606443039755522e+00 5.059239260995359450e-02 9.859923038876208246e-01
2.100606443039755522e+00 2.848256928908980079e+00 4.926713420626441242e-02 9.601586133119174304e-01
2.848256928908980079e+00 3.862012115576700655e+00 4.716109800086165649e-02 9.192138217071924577e-01
3.862012115576700655e+00 5.236584322670087666e+00 4.500951763775343922e-02 8.772558728755674995e-01
5.236584322670087666e+00 7.100395997680434945e+00 4.336100087725625052e-02 8.450372443277107681e-01
7.100395997680434945e+00 9.627577867049382121e+00 4.233170306389011373e-02 8.250072300397324199e-01
9.627577867049382121e+00 1.305423748427261188e+01 4.176497923701225079e-02 8.138373786269751387e-01
1.305423748427261188e+01 1.770051810009568172e+01 4.151446200754537602e-02 8.086987880848653942e-01
1.770051810009568172e+01 2.400050875352008006e+01 4.110564844823269559e-02 8.002503161505054585e-01
2.400050875352008006e+01 3.254279999999999973e+01 3.981767139845095865e-02 7.742849990148097383e-01
