1.000000000000000056e-01 1.355921257095313026e-01 6.299513356612111703e-02 1.201637402848193981e+00
1.355921257095313026e-01 1.838522455442933856e-01 5.735359544543341265e-02 1.107651375673047500e+00
1.838522455442933856e-01 2.492891678982144810e-01 5.278392376727036178e-02 1.025414097894123300e+00
2.492891678982144810e-01 3.380164819167915113e-01 5.019410320430189865e-02 9.741804164344770589e-01
3.380164819167915113e-01 4.583237330795510434e-01 5.000884675324034773e-02 9.722250615916742111e-01
4.583237330795510434e-01 6.214508923138416518e-01 5.228786301463456132e-02 1.015295448844974135e+00
6.214508923138416518e-01 8.426384751291882136e-01 5.617028152096177618e-02 1.093546310751410955e+00
8.426384751291882136e-01 1.142551420474046342e+00 5.843384879548455674e-02 1.137692935219690948e+00
1.142551420474046342e+00 1.549209758345204913e+00 5.852253192506649132e-02 1.139521644262327937e+00
1.549209758345204913e+00 2.100606443039755522e+00 5.584029634915287088e-02 1.087899455923731384e+00
2.100606443039755522e+00 2.848256928908980079e+00 5.235992450416567662e-02 1.019940255697491693e+00
2.848256928908980079e+00 3.862012115576700655e+00 4.935473908848208441e-02 9.616698003442384346e-01
3.862012115576700655e+00 5.236584322670087666e+00 4.644748355799885320e-02 9.047584096030178991e-01
5.236584322670087666e+00 7.100395997680434945e+00 4.453271398033671613e-02 8.673028825484015991e-01
7.100395997680434945e+00 9.627577867049382121e+00 4.332973834377484151e-02 8.437842686688812321e-01
9.627577867049382121e+00 1.305423748427261188e+01 4.268214956497855955e-02 8.300763149174456013e-01
1.305423748427261188e+01 1.770051810009568172e+01 4.240865271752186638e-02 8.237141109206441714e-01
1.770051810009568172e+01 2.400050875352008006e+01 4.189656749658893231e-02 8.117950160696111306e-01
2.400050875352008006e+01 3.254279999999999973e+01 4.040873802390908265e-02 7.790142024966910661e-01
