1.000000000000000056e-01 1.355921257095313026e-01 5.019379874451809082e-02 9.702769151698735772e-01
1.355921257095313026e-01 1.838522455442933856e-01 4.728085823092793849e-02 9.152933837391359351e-01
1.838522455442933856e-01 2.492891678982144810e-01 4.570047712871222467e-02 8.851662667406130502e-01
2.492891678982144810e-01 3.380164819167915113e-01 4.425330969400362996e-02 8.600893532321555179e-01
3.380164819167915113e-01 4.583237330795510434e-01 4.464626073965614894e-02 8.680467412639263358e-01
4.583237330795510434e-01 6.214508923138416518e-01 4.750616453782902787e-02 9.247193433247634653e-01
6.214508923138416518e-01 8.426384751291882136e-01 5.303085371084174937e-02 1.033365650796116864e+00
8.426384751291882136e-01 1.142551420474046342e+00 5.612692013239845706e-02 1.093630331657266419e+00
1.142551420474046342e+00 1.549209758345204913e+00 5.682700319317133403e-02 1.107097594245601391e+00
1.549209758345204913e+00 2.100606443039755522e+00 5.470619724045367588e-02 1.066029647447478634e+00
2.100606443039755522e+00 2.848256928908980079e+00 5.172075278431585016e-02 1.007948139105101504e+00
2.848256928908980079e+00 3.862012115576700655e+00 4.890711934759047613e-02 9.532372253688035091e-01
3.862012115576700655e+00 5.236584322670087666e+00 4.580437703549270628e-02 8.927697454236526164e-01
5.236584322670087666e+00 7.100395997680434945e+00 4.391787108265616385e-02 8.559739048913527215e-01
7.100395997680434945e+00 9.627577867049382121e+00 4.274526506382542862e-02 8.331060827122530599e-01
9.627577867049382121e+00 1.305423748427261188e+01 4.211750467318856744e-02 8.207844798421684018e-01
1.305423748427261188e+01 1.770051810009568172e+01 4.203039574831273634e-02 8.189089919010448249e-01
1.770051810009568172e+01 2.400050875352008006e+01 4.166625564165294532e-02 8.113848114066936068e-01
2.400050875352008006e+01 3.254279999999999973e+01 4.062945047080939592e-02 7.897253894419553610e-01
