1.000000000000000056e-01 1.355921257095313026e-01 7.616445906277635736e-02 1.464296746913797298e+00
1.355921257095313026e-01 1.838522455442933856e-01 6.897291376543425445e-02 1.332059702830793668e+00
1.838522455442933856e-01 2.492891678982144810e-01 6.267815294052805908e-02 1.210671262454636077e+00
2.492891678982144810e-01 3.380164819167915113e-01 5.768534806899586198e-02 1.119100985379017921e+00
3.380164819167915113e-01 4.583237330795510434e-01 5.589224345366773650e-02 1.084437756232190964e+00
4.583237330795510434e-01 6.214508923138416518e-01 5.616512457310944562e-02 1.093294827085255161e+00
6.214508923138416518e-01 8.426384751291882136e-01 5.776547303748250789e-02 1.125271569620624135e+00
8.426384751291882136e-01 1.142551420474046342e+00 5.672356290712176480e-02 1.105121710266164126e+00
1.142551420474046342e+00 1.549209758345204913e+00 5.463318443955156312e-02 1.064137788353690439e+00
1.549209758345204913e+00 2.100606443039755522e+00 5.321590987138382495e-02 1.036826148707823414e+00
2.100606443039755522e+00 2.848256928908980079e+00 5.112089562119020297e-02 9.959345175943314921e-01
2.848256928908980079e+00 3.862012115576700655e+00 4.811413463294998000e-02 9.371842267620977829e-01
3.862012115576700655e+00 5.236584322670087666e+00 4.589728107864130685e-02 8.941444260356202767e-01
5.236584322670087666e+00 7.100395997680434945e+00 4.404147499215938649e-02 8.576902356661924021e-01
7.100395997680434945e+00 9.627577867049382121e+00 4.314760889329660731e-02 8.398060530802492485e-01
9.627577867049382121e+00 1.305423748427261188e+01 4.256401143131531561e-02 8.280856136362487740e-01
1.305423748427261188e+01 1.770051810009568172e+01 4.259285947942391404e-02 8.272815249651450653e-01
1.770051810009568172e+01 2.400050875352008006e+01 4.220807923023087854e-02 8.187750343402928621e-01
2.400050875352008006e+01 3.254279999999999973e+01 4.105962162407813393e-02 7.907058842340133342e-01
