1.000000000000000056e-01 1.355921257095313026e-01 3.811498136899440364e-02 7.263770505679646439e-01
1.355921257095313026e-01 1.838522455442933856e-01 3.938242575377078752e-02 7.568147052216920301e-01
1.838522455442933856e-01 2.492891678982144810e-01 4.147148667412051820e-02 7.963074204408558954e-01
2.492891678982144810e-01 3.380164819167915113e-01 4.427940419019039953e-02 8.582805883676568603e-01
3.380164819167915113e-01 4.583237330795510434e-01 4.794255273309747795e-02 9.300817422067449991e-01
4.583237330795510434e-01 6.214508923138416518e-01 5.367988427350008085e-02 1.042687529979476890e+00
6.214508923138416518e-01 8.426384751291882136e-01 5.901716564453040464e-02 1.147557899519966673e+00
8.426384751291882136e-01 1.142551420474046342e+00 6.159248262205222618e-02 1.198119118471543842e+00
1.142551420474046342e+00 1.549209758345204913e+00 6.042158389242643229e-02 1.175817098303021613e+00
1.549209758345204913e+00 2.100606443039755522e+00 5.623398926901986700e-02 1.094961494824438608e+00
2.100606443039755522e+00 2.848256928908980079e+00 5.246342098528839620e-02 1.021615670249669927e+00
2.848256928908980079e+00 3.862012115576700655e+00 4.913165754222832693e-02 9.571586471969516507e-01
3.862012115576700655e+00 5.236584322670087666e+00 4.644904360010190802e-02 9.048925834527217216e-01
5.236584322670087666e+00 7.100395997680434945e+00 4.449395406458440255e-02 8.665662834364381562e-01
7.100395997680434945e+00 9.627577867049382121e+00 4.326179954070254186e-02 8.423882836730229862e-01
9.627577867049382121e+00 1.305423748427261188e+01 4.244160228552264214e-02 8.260550676745499477e-01
1.305423748427261188e+01 1.770051810009568172e+01 4.220142958897500629e-02 8.203262574082704761e-01
1.770051810009568172e+01 2.400050875352008006e+01 4.173692388904679668e-02 8.103366702236582952e-01
2.400050875352008006e+01 3.254279999999999973e+01 4.036830680417979877e-02 7.799256119731847736e-01
