1.000000000000000056e-01 1.355921257095313026e-01 3.754733025492120596e-02 7.215724448262486046e-01
1.355921257095313026e-01 1.838522455442933856e-01 3.756241709632934106e-02 7.255934350989770021e-01
1.838522455442933856e-01 2.492891678982144810e-01 3.813658791247090396e-02 7.386206280740158503e-01
2.492891678982144810e-01 3.380164819167915113e-01 3.918075007802707121e-02 7.620085999803777321e-01
3.380164819167915113e-01 4.583237330795510434e-01 4.170612014127987599e-02 8.105099545806162542e-01
4.583237330795510434e-01 6.214508923138416518e-01 4.634615579334857433e-02 9.013113843964892791e-01
6.214508923138416518e-01 8.426384751291882136e-01 5.293846711940394106e-02 1.030195344349239761e+00
8.426384751291882136e-01 1.142551420474046342e+00 5.695869540030177453e-02 1.108605358893680837e+00
1.142551420474046342e+00 1.549209758345204913e+00 5.875082442254939835e-02 1.144756680924597037e+00
1.549209758345204913e+00 2.100606443039755522e+00 5.747466278462640826e-02 1.119744572070941580e+00
2.100606443039755522e+00 2.848256928908980079e+00 5.382628406252821379e-02 1.048624177516896294e+00
2.848256928908980079e+00 3.862012115576700655e+00 4.944518373793631294e-02 9.634648636526211840e-01
3.862012115576700655e+00 5.236584322670087666e+00 4.629109506513488098e-02 9.020051307099027360e-01
5.236584322670087666e+00 7.100395997680434945e+00 4.398434103205398765e-02 8.570782566112825629e-01
7.100395997680434945e+00 9.627577867049382121e+00 4.257409324130423389e-02 8.295196187791497033e-01
9.627577867049382121e+00 1.305423748427261188e+01 4.180635563137467814e-02 8.143501011418374791e-01
1.305423748427261188e+01 1.770051810009568172e+01 4.138500575825006245e-02 8.058508654372417146e-01
1.770051810009568172e+01 2.400050875352008006e+01 4.092289225510074152e-02 7.958647922320607471e-01
2.400050875352008006e+01 3.254279999999999973e+01 3.971330203706579381e-02 7.715402866958662731e-01
