1.000000000000000056e-01 1.355921257095313026e-01 3.888203245833383309e-02 7.521080379272013783e-01
1.355921257095313026e-01 1.838522455442933856e-01 4.006528228984330975e-02 7.776518076264117285e-01
1.838522455442933856e-01 2.492891678982144810e-01 4.190298880714424939e-02 8.130804923152469277e-01
2.492891678982144810e-01 3.380164819167915113e-01 4.348786837801666555e-02 8.438417893286921379e-01
3.380164819167915113e-01 4.583237330795510434e-01 4.590068131940310686e-02 8.932651386446273101e-01
4.583237330795510434e-01 6.214508923138416518e-01 5.048359104380033269e-02 9.827958247197431385e-01
6.214508923138416518e-01 8.426384751291882136e-01 5.674215023734251184e-02 1.105200522639651517e+00
8.426384751291882136e-01 1.142551420474046342e+00 6.082702053291508260e-02 1.185003857701225849e+00
1.142551420474046342e+00 1.549209758345204913e+00 5.983264390452548015e-02 1.166062033917709018e+00
1.549209758345204913e+00 2.100606443039755522e+00 5.691123438019523445e-02 1.109300936887507971e+00
2.100606443039755522e+00 2.848256928908980079e+00 5.337515060818168872e-02 1.040353317161238689e+00
2.848256928908980079e+00 3.862012115576700655e+00 4.997364800891827830e-02 9.741038564258215349e-01
3.862012115576700655e+00 5.236584322670087666e+00 4.656841543247217802e-02 9.077238758215228076e-01
5.236584322670087666e+00 7.100395997680434945e+00 4.437426000695807171e-02 8.649357190276136809e-01
7.100395997680434945e+00 9.627577867049382121e+00 4.295086613203231984e-02 8.371775665138385669e-01
9.627577867049382121e+00 1.305423748427261188e+01 4.190964411978290866e-02 8.168545447470967336e-01
1.305423748427261188e+01 1.770051810009568172e+01 4.157889190286507414e-02 8.103457664658461068e-01
1.770051810009568172e+01 2.400050875352008006e+01 4.105128789893754820e-02 7.999056486672638799e-01
2.400050875352008006e+01 3.254279999999999973e+01 3.986214904385163016e-02 7.763326247243317324e-01
