1.000000000000000056e-01 1.355921257095313026e-01 3.855879923265218695e-02 7.465726221442336996e-01
1.355921257095313026e-01 1.838522455442933856e-01 3.847720451315683049e-02 7.474519709797071698e-01
1.838522455442933856e-01 2.492891678982144810e-01 3.877613821209344169e-02 7.524587120404255813e-01
2.492891678982144810e-01 3.380164819167915113e-01 3.923234102857462574e-02 7.631020153511076654e-01
3.380164819167915113e-01 4.583237330795510434e-01 4.117138559815591847e-02 8.004019173136680543e-01
4.583237330795510434e-01 6.214508923138416518e-01 4.521051959543886944e-02 8.791298460296220751e-01
6.214508923138416518e-01 8.426384751291882136e-01 5.237470753212953439e-02 1.019744384393437731e+00
8.426384751291882136e-01 1.142551420474046342e+00 6.044525762546240633e-02 1.177774141201185953e+00
1.142551420474046342e+00 1.549209758345204913e+00 6.409798545519188040e-02 1.249003162630451413e+00
1.549209758345204913e+00 2.100606443039755522e+00 5.890704578664933411e-02 1.148030136685187275e+00
2.100606443039755522e+00 2.848256928908980079e+00 5.353284277045626538e-02 1.043274352688979834e+00
2.848256928908980079e+00 3.862012115576700655e+00 4.980009072532352865e-02 9.704682693743116317e-01
3.862012115576700655e+00 5.236584322670087666e+00 4.668244850537754675e-02 9.096698157996845335e-01
5.236584322670087666e+00 7.100395997680434945e+00 4.443203417385024889e-02 8.659263030217174695e-01
7.100395997680434945e+00 9.627577867049382121e+00 4.316043122669110249e-02 8.411018120707083323e-01
9.627577867049382121e+00 1.305423748427261188e+01 4.216093299304803782e-02 8.215224017616149510e-01
1.305423748427261188e+01 1.770051810009568172e+01 4.191821275594972279e-02 8.164782280357484323e-01
1.770051810009568172e+01 2.400050875352008006e+01 4.163385142453360221e-02 8.104184940802079407e-01
2.400050875352008006e+01 3.254279999999999973e+01 4.030968758445305916e-02 7.823730142846605506e-01
