1.000000000000000056e-01 1.355921257095313026e-01 4.484493027273118299e-02 8.672896252500755798e-01
1.355921257095313026e-01 1.838522455442933856e-01 4.361550269456645340e-02 8.421617737141168236e-01
1.838522455442933856e-01 2.492891678982144810e-01 4.270424261577056291e-02 8.283435835655594826e-01
2.492891678982144810e-01 3.380164819167915113e-01 4.285441289446813989e-02 8.337073397829827259e-01
3.380164819167915113e-01 4.583237330795510434e-01 4.539759415403610276e-02 8.834471740166186526e-01
4.583237330795510434e-01 6.214508923138416518e-01 5.133096648216194102e-02 9.993881660325422134e-01
6.214508923138416518e-01 8.426384751291882136e-01 5.860264610217771897e-02 1.141357941646023555e+00
8.426384751291882136e-01 1.142551420474046342e+00 6.288134683144577797e-02 1.225415518301283146e+00
1.142551420474046342e+00 1.549209758345204913e+00 6.314656418607197952e-02 1.230477552849722045e+00
1.549209758345204913e+00 2.100606443039755522e+00 5.953551533416474167e-02 1.160169007795130991e+00
2.100606443039755522e+00 2.848256928908980079e+00 5.467162802588432929e-02 1.065510106909505872e+00
2.848256928908980079e+00 3.862012115576700655e+00 5.076648133701155280e-02 9.893914844027991151e-01
3.862012115576700655e+00 5.236584322670087666e+00 4.738754179130322264e-02 9.234076596943695536e-01
5.236584322670087666e+00 7.100395997680434945e+00 4.496670248068702219e-02 8.762008837174676268e-01
7.100395997680434945e+00 9.627577867049382121e+00 4.341456932917714395e-02 8.458378542923596921e-01
9.627577867049382121e+00 1.305423748427261188e+01 4.216169579092239605e-02 8.212793092312701271e-01
1.305423748427261188e+01 1.770051810009568172e+01 4.164014208336145467e-02 8.108229675124121183e-01
1.770051810009568172e+01 2.400050875352008006e+01 4.080370896069131226e-02 7.941486843364772286e-01
2.400050875352008006e+01 3.254279999999999973e+01 3.913758344345400625e-02 7.600987876225843154e-01
