1.000000000000000056e-01 1.355921257095313026e-01 5.916313161361393125e-02 1.145673792929576607e+00
1.355921257095313026e-01 1.838522455442933856e-01 5.478204301567651119e-02 1.061219911788455761e+00
1.838522455442933856e-01 2.492891678982144810e-01 5.109042369869681854e-02 9.889743660028060823e-01
2.492891678982144810e-01 3.380164819167915113e-01 4.837553383808829849e-02 9.365174498336672482e-01
3.380164819167915113e-01 4.583237330795510434e-01 4.741973765288144682e-02 9.213756347483643694e-01
4.583237330795510434e-01 6.214508923138416518e-01 4.977763284870159732e-02 9.694273726828489535e-01
6.214508923138416518e-01 8.426384751291882136e-01 5.565624452813426604e-02 1.084146522003378132e+00
8.426384751291882136e-01 1.142551420474046342e+00 5.959259018620583631e-02 1.161065709180142402e+00
1.142551420474046342e+00 1.549209758345204913e+00 5.898826151556227360e-02 1.149712432150023389e+00
1.549209758345204913e+00 2.100606443039755522e+00 5.602092419290116004e-02 1.091831151575549885e+00
2.100606443039755522e+00 2.848256928908980079e+00 5.276724489086609404e-02 1.028471042502825172e+00
2.848256928908980079e+00 3.862012115576700655e+00 4.988296083376107803e-02 9.722464747633102755e-01
3.862012115576700655e+00 5.236584322670087666e+00 4.699325952314284405e-02 9.159151745006318679e-01
5.236584322670087666e+00 7.100395997680434945e+00 4.496146433496728267e-02 8.763099307666418758e-01
7.100395997680434945e+00 9.627577867049382121e+00 4.373283834068785597e-02 8.523282523346057404e-01
9.627577867049382121e+00 1.305423748427261188e+01 4.288471971528777515e-02 8.357512483365651113e-01
1.305423748427261188e+01 1.770051810009568172e+01 4.281360491923087708e-02 8.340733016348653717e-01
1.770051810009568172e+01 2.400050875352008006e+01 4.281658547783652458e-02 8.333787645957762003e-01
2.400050875352008006e+01 3.254279999999999973e+01 4.160011570494900890e-02 8.082151430326188768e-01
