1.000000000000000056e-01 1.355921257095313026e-01 5.539497002288937960e-02 1.058578032062819085e+00
1.355921257095313026e-01 1.838522455442933856e-01 5.335066990597631120e-02 1.019567424485641860e+00
1.838522455442933856e-01 2.492891678982144810e-01 5.097183745642935859e-02 9.853750338901947625e-01
2.492891678982144810e-01 3.380164819167915113e-01 5.021979365926770161e-02 9.734596341538774844e-01
3.380164819167915113e-01 4.583237330795510434e-01 5.245698058116298607e-02 1.018076212648790335e+00
4.583237330795510434e-01 6.214508923138416518e-01 5.741816555963058510e-02 1.116424549336644034e+00
6.214508923138416518e-01 8.426384751291882136e-01 6.237069653379753026e-02 1.214376958241542903e+00
8.426384751291882136e-01 1.142551420474046342e+00 6.334892094802793694e-02 1.233202993991035612e+00
1.142551420474046342e+00 1.549209758345204913e+00 6.001812329472110130e-02 1.169100017717792150e+00
1.549209758345204913e+00 2.100606443039755522e+00 5.617731925883263921e-02 1.094579992638836874e+00
2.100606443039755522e+00 2.848256928908980079e+00 5.263979119372246690e-02 1.025363637435885877e+00
2.848256928908980079e+00 3.862012115576700655e+00 4.947999269130572142e-02 9.641103252144977986e-01
3.862012115576700655e+00 5.236584322670087666e+00 4.658346276255105611e-02 9.075340883899023492e-01
5.236584322670087666e+00 7.100395997680434945e+00 4.464001055445784849e-02 8.694673911947101708e-01
7.100395997680434945e+00 9.627577867049382121e+00 4.342163294418059649e-02 8.456438462301637538e-01
9.627577867049382121e+00 1.305423748427261188e+01 4.279691716152625447e-02 8.323509880808925843e-01
1.305423748427261188e+01 1.770051810009568172e+01 4.241597107466546501e-02 8.240075083946819534e-01
1.770051810009568172e+01 2.400050875352008006e+01 4.193836918666840607e-02 8.123718674678077623e-01
2.400050875352008006e+01 3.254279999999999973e+01 4.055114401542014857e-02 7.815109351029075890e-01
