1.000000000000000056e-01 1.355921257095313026e-01 4.270965811765346787e-02 8.238358562225761572e-01
1.355921257095313026e-01 1.838522455442933856e-01 4.514268999793659420e-02 8.734287333159004296e-01
1.838522455442933856e-01 2.492891678982144810e-01 4.721193199547974589e-02 9.169817251856290374e-01
2.492891678982144810e-01 3.380164819167915113e-01 4.966662374756081189e-02 9.641972356717658510e-01
3.380164819167915113e-01 4.583237330795510434e-01 5.298520320649695303e-02 1.028978366898537278e+00
4.583237330795510434e-01 6.214508923138416518e-01 5.803516534171886815e-02 1.129670167634220013e+00
6.214508923138416518e-01 8.426384751291882136e-01 6.478444671141629640e-02 1.261691479781656522e+00
8.426384751291882136e-01 1.142551420474046342e+00 6.723063832908568460e-02 1.309988196895078394e+00
1.142551420474046342e+00 1.549209758345204913e+00 6.391019272063819257e-02 1.245497829032541803e+00
1.549209758345204913e+00 2.100606443039755522e+00 5.962020671692041390e-02 1.161993557407105415e+00
2.100606443039755522e+00 2.848256928908980079e+00 5.525380622329534308e-02 1.076988304776218097e+00
2.848256928908980079e+00 3.862012115576700655e+00 5.169470780701156121e-02 1.007675354001524415e+00
3.862012115576700655e+00 5.236584322670087666e+00 4.807667901592731913e-02 9.371542290056916746e-01
5.236584322670087666e+00 7.100395997680434945e+00 4.579067687556707955e-02 8.925648030100299390e-01
7.100395997680434945e+00 9.627577867049382121e+00 4.403357923629836607e-02 8.583062783587335209e-01
9.627577867049382121e+00 1.305423748427261188e+01 4.251743410476880453e-02 8.287570215990318623e-01
1.305423748427261188e+01 1.770051810009568172e+01 4.238624622822563526e-02 8.261561628173793581e-01
1.770051810009568172e+01 2.400050875352008006e+01 4.189080729835384376e-02 8.164302231128043319e-01
2.400050875352008006e+01 3.254279999999999973e+01 4.015567336402692949e-02 7.824786815210613700e-01
