1.000000000000000056e-01 1.355921257095313026e-01 4.803455332189421334e-02 9.213459366116008020e-01
1.355921257095313026e-01 1.838522455442933856e-01 4.488347544581492571e-02 8.666870566637497886e-01
1.838522455442933856e-01 2.492891678982144810e-01 4.327211064586526656e-02 8.376589585233671365e-01
2.492891678982144810e-01 3.380164819167915113e-01 4.253544265809430097e-02 8.264712909706108945e-01
3.380164819167915113e-01 4.583237330795510434e-01 4.416146427151817350e-02 8.587016485832327239e-01
4.583237330795510434e-01 6.214508923138416518e-01 4.825463479914059162e-02 9.395439952642308246e-01
6.214508923138416518e-01 8.426384751291882136e-01 5.326174434164355348e-02 1.037208461226019729e+00
8.426384751291882136e-01 1.142551420474046342e+00 5.722149056448191939e-02 1.114378473930428104e+00
1.142551420474046342e+00 1.549209758345204913e+00 5.894865400851847376e-02 1.148421087303851396e+00
1.549209758345204913e+00 2.100606443039755522e+00 5.684402109620985410e-02 1.107297254954147991e+00
2.100606443039755522e+00 2.848256928908980079e+00 5.261068071054791906e-02 1.024756109487897859e+00
2.848256928908980079e+00 3.862012115576700655e+00 4.863926081618566433e-02 9.474255433279046290e-01
3.862012115576700655e+00 5.236584322670087666e+00 4.618779174355278766e-02 8.998846075123795307e-01
5.236584322670087666e+00 7.100395997680434945e+00 4.435763135658603307e-02 8.638951861968047208e-01
7.100395997680434945e+00 9.627577867049382121e+00 4.348390970925008342e-02 8.464079413450759093e-01
9.627577867049382121e+00 1.305423748427261188e+01 4.290075015538167419e-02 8.349193273734164533e-01
1.305423748427261188e+01 1.770051810009568172e+01 4.293291954633653151e-02 8.343019850490759337e-01
1.770051810009568172e+01 2.400050875352008006e+01 4.252009429833986803e-02 8.256274694188093788e-01
2.400050875352008006e+01 3.254279999999999973e+01 4.140356990173541668e-02 7.985793702849730558e-01
