1.000000000000000056e-01 1.355921257095313026e-01 4.586227371003264580e-02 8.850280827048578880e-01
1.355921257095313026e-01 1.838522455442933856e-01 4.534630469632147665e-02 8.772296681963235310e-01
1.838522455442933856e-01 2.492891678982144810e-01 4.535549032763701305e-02 8.817973187260149670e-01
2.492891678982144810e-01 3.380164819167915113e-01 4.703453694353845055e-02 9.139053761262250219e-01
3.380164819167915113e-01 4.583237330795510434e-01 5.010717929097211615e-02 9.746702760519109221e-01
4.583237330795510434e-01 6.214508923138416518e-01 5.719051105197642954e-02 1.113936454346008409e+00
6.214508923138416518e-01 8.426384751291882136e-01 6.477381091650380451e-02 1.262134474659896588e+00
8.426384751291882136e-01 1.142551420474046342e+00 6.644713284435338485e-02 1.294915175567361576e+00
1.142551420474046342e+00 1.549209758345204913e+00 6.455575227453942688e-02 1.258244810260660485e+00
1.549209758345204913e+00 2.100606443039755522e+00 5.962047963765950559e-02 1.162117982643458003e+00
2.100606443039755522e+00 2.848256928908980079e+00 5.476007417448775644e-02 1.067390978107148003e+00
2.848256928908980079e+00 3.862012115576700655e+00 5.124865924386346611e-02 9.989861824914285648e-01
3.862012115576700655e+00 5.236584322670087666e+00 4.782800548111666022e-02 9.323081121438498986e-01
5.236584322670087666e+00 7.100395997680434945e+00 4.545672338072741930e-02 8.860871125816938143e-01
7.100395997680434945e+00 9.627577867049382121e+00 4.386628311701896293e-02 8.550766953692230388e-01
9.627577867049382121e+00 1.305423748427261188e+01 4.249737402537735742e-02 8.283848649787713958e-01
1.305423748427261188e+01 1.770051810009568172e+01 4.215321164143486649e-02 8.216612606987649947e-01
1.770051810009568172e+01 2.400050875352008006e+01 4.143195612811044481e-02 8.075578524359865451e-01
2.400050875352008006e+01 3.254279999999999973e+01 3.977150395496836105e-02 7.750623823331150852e-01
