1.000000000000000056e-01 1.355921257095313026e-01 9.301920337373174863e-02 1.795862334238490732e+00
1.355921257095313026e-01 1.838522455442933856e-01 8.305929919672640216e-02 1.605859624362612648e+00
1.838522455442933856e-01 2.492891678982144810e-01 7.511665739886136395e-02 1.455543729287824606e+00
2.492891678982144810e-01 3.380164819167915113e-01 6.679374802869095240e-02 1.296157978938939470e+00
3.380164819167915113e-01 4.583237330795510434e-01 5.979102050517005190e-02 1.159530214795033709e+00
4.583237330795510434e-01 6.214508923138416518e-01 5.412848554525922368e-02 1.050210553037894456e+00
6.214508923138416518e-01 8.426384751291882136e-01 5.003737989632815741e-02 9.733119739811276760e-01
8.426384751291882136e-01 1.142551420474046342e+00 4.885617294174749575e-02 9.518926296180943991e-01
1.142551420474046342e+00 1.549209758345204913e+00 5.013787462381832233e-02 9.771047560563572709e-01
1.549209758345204913e+00 2.100606443039755522e+00 5.193067827095284444e-02 1.012150160949380151e+00
2.100606443039755522e+00 2.848256928908980079e+00 5.101363519814815228e-02 9.943383080890664250e-01
2.848256928908980079e+00 3.862012115576700655e+00 4.830650861595633255e-02 9.415647311626015314e-01
3.862012115576700655e+00 5.236584322670087666e+00 4.576511445925323524e-02 8.920140473101995093e-01
5.236584322670087666e+00 7.100395997680434945e+00 4.381117161676963828e-02 8.539382661641562455e-01
7.100395997680434945e+00 9.627577867049382121e+00 4.271834808358029867e-02 8.325455145104032617e-01
9.627577867049382121e+00 1.305423748427261188e+01 4.204901597254762091e-02 8.194593270203700541e-01
1.305423748427261188e+01 1.770051810009568172e+01 4.180994911551712961e-02 8.146979637393314544e-01
1.770051810009568172e+01 2.400050875352008006e+01 4.147593508417810049e-02 8.080135027905585021e-01
2.400050875352008006e+01 3.254279999999999973e+01 4.051137544834570309e-02 7.883016110395696385e-01
