1.000000000000000056e-01 1.355921257095313026e-01 4.834332158888079295e-02 9.374636051841835904e-01
1.355921257095313026e-01 1.838522455442933856e-01 4.615837944901084872e-02 8.979345830879200685e-01
1.838522455442933856e-01 2.492891678982144810e-01 4.499315809494336404e-02 8.762834635160836605e-01
2.492891678982144810e-01 3.380164819167915113e-01 4.513286090625653196e-02 8.776109388791339949e-01
3.380164819167915113e-01 4.583237330795510434e-01 4.682247187537373623e-02 9.114151062868545150e-01
4.583237330795510434e-01 6.214508923138416518e-01 5.254595350488226041e-02 1.023208984874453442e+00
6.214508923138416518e-01 8.426384751291882136e-01 6.273524783930649329e-02 1.222507237563096982e+00
8.426384751291882136e-01 1.142551420474046342e+00 6.709993371597565426e-02 1.307505927127884604e+00
1.142551420474046342e+00 1.549209758345204913e+00 6.410537214018034724e-02 1.249183280026546550e+00
1.549209758345204913e+00 2.100606443039755522e+00 5.963533024354618350e-02 1.162324137940187407e+00
2.100606443039755522e+00 2.848256928908980079e+00 5.538443897963841317e-02 1.079547298420088453e+00
2.848256928908980079e+00 3.862012115576700655e+00 5.147394135375055885e-02 1.003322775330427463e+00
3.862012115576700655e+00 5.236584322670087666e+00 4.805392706027473981e-02 9.365814368406618629e-01
5.236584322670087666e+00 7.100395997680434945e+00 4.566788144616416856e-02 8.901411239109197071e-01
7.100395997680434945e+00 9.627577867049382121e+00 4.394412372136644734e-02 8.564491340185107493e-01
9.627577867049382121e+00 1.305423748427261188e+01 4.275928917710793142e-02 8.332513135137070703e-01
1.305423748427261188e+01 1.770051810009568172e+01 4.234977943130776440e-02 8.251037873318258775e-01
1.770051810009568172e+01 2.400050875352008006e+01 4.182465334129273349e-02 8.144535593113465533e-01
2.400050875352008006e+01 3.254279999999999973e+01 4.044008592487577380e-02 7.860853786212375072e-01
