1.000000000000000056e-01 1.355921257095313026e-01 6.693998069752658819e-02 1.296604158364494719e+00
1.355921257095313026e-01 1.838522455442933856e-01 6.043983690758333166e-02 1.174301127573588843e+00
1.838522455442933856e-01 2.492891678982144810e-01 5.417934222099711483e-02 1.052660316920874584e+00
2.492891678982144810e-01 3.380164819167915113e-01 5.103003311608662884e-02 9.895381599729552446e-01
3.380164819167915113e-01 4.583237330795510434e-01 4.924588204830356725e-02 9.573740357917112087e-01
4.583237330795510434e-01 6.214508923138416518e-01 5.043974805543549600e-02 9.803088907771024818e-01
6.214508923138416518e-01 8.426384751291882136e-01 5.300385674429379523e-02 1.032523539226881226e+00
8.426384751291882136e-01 1.142551420474046342e+00 5.477708073538484906e-02 1.067064823282939834e+00
1.142551420474046342e+00 1.549209758345204913e+00 5.607368354575269914e-02 1.092605510037422345e+00
1.549209758345204913e+00 2.100606443039755522e+00 5.438384880395803755e-02 1.059508730217700867e+00
2.100606443039755522e+00 2.848256928908980079e+00 5.145246004111595634e-02 1.002573619139516481e+00
2.848256928908980079e+00 3.862012115576700655e+00 4.869697010123635178e-02 9.489147446722413504e-01
3.862012115576700655e+00 5.236584322670087666e+00 4.596583098786845289e-02 8.955279016577587514e-01
5.236584322670087666e+00 7.100395997680434945e+00 4.422725248860032154e-02 8.617140138930052817e-01
7.100395997680434945e+00 9.627577867049382121e+00 4.330153345810141413e-02 8.435251329193385050e-01
9.627577867049382121e+00 1.305423748427261188e+01 4.279362040991519650e-02 8.329541053271590778e-01
1.305423748427261188e+01 1.770051810009568172e+01 4.271118155920405890e-02 8.308867175553414919e-01
1.770051810009568172e+01 2.400050875352008006e+01 4.229364717957526110e-02 8.223005865030910133e-01
2.400050875352008006e+01 3.254279999999999973e+01 4.122990451874431611e-02 8.003563259507249228e-01
