1.000000000000000056e-01 1.355921257095313026e-01 4.149510909202314135e-02 8.054159225089150276e-01
1.355921257095313026e-01 1.838522455442933856e-01 4.312866896677161610e-02 8.365634792917944207e-01
1.838522455442933856e-01 2.492891678982144810e-01 4.449964759511278178e-02 8.657055113987519590e-01
2.492891678982144810e-01 3.380164819167915113e-01 4.598810917371697060e-02 8.948054055016145814e-01
3.380164819167915113e-01 4.583237330795510434e-01 4.778452030543484802e-02 9.305804272830094925e-01
4.583237330795510434e-01 6.214508923138416518e-01 5.027646749071214283e-02 9.794611201291143487e-01
6.214508923138416518e-01 8.426384751291882136e-01 5.353669277583800873e-02 1.043219392804376477e+00
8.426384751291882136e-01 1.142551420474046342e+00 5.620707199082448924e-02 1.095030535078571843e+00
1.142551420474046342e+00 1.549209758345204913e+00 5.614699376625794519e-02 1.094058257674563661e+00
1.549209758345204913e+00 2.100606443039755522e+00 5.423342793220881780e-02 1.056735593805100182e+00
2.100606443039755522e+00 2.848256928908980079e+00 5.122492784414402894e-02 9.980966091260291551e-01
2.848256928908980079e+00 3.862012115576700655e+00 4.775072789098221138e-02 9.304853957299087375e-01
3.862012115576700655e+00 5.236584322670087666e+00 4.536473067496605421e-02 8.841470536251057055e-01
5.236584322670087666e+00 7.100395997680434945e+00 4.339385231139502447e-02 8.455404000940397458e-01
7.100395997680434945e+00 9.627577867049382121e+00 4.232014623831230338e-02 8.245624826461382950e-01
9.627577867049382121e+00 1.305423748427261188e+01 4.172913204841840334e-02 8.129401228738444285e-01
1.305423748427261188e+01 1.770051810009568172e+01 4.161822471166851112e-02 8.104934432042583126e-01
1.770051810009568172e+01 2.400050875352008006e+01 4.117723896848465848e-02 8.014821583273242789e-01
2.400050875352008006e+01 3.254279999999999973e+01 3.966717629377846527e-02 7.711815034936514435e-01
