1.000000000000000056e-01 1.355921257095313026e-01 4.701771005231929201e-02 9.129129298476731380e-01
1.355921257095313026e-01 1.838522455442933856e-01 4.829633813193103670e-02 9.387292594310706617e-01
1.838522455442933856e-01 2.492891678982144810e-01 5.056182366486287882e-02 9.806475671775995995e-01
2.492891678982144810e-01 3.380164819167915113e-01 5.162554181943646708e-02 1.003494474581399842e+00
3.380164819167915113e-01 4.583237330795510434e-01 5.278307247756480747e-02 1.024229959595124528e+00
4.583237330795510434e-01 6.214508923138416518e-01 5.360249137328525898e-02 1.042433255460163855e+00
6.214508923138416518e-01 8.426384751291882136e-01 5.469562842498048444e-02 1.065097252482799961e+00
8.426384751291882136e-01 1.142551420474046342e+00 5.645237573125736624e-02 1.099895493661214863e+00
1.142551420474046342e+00 1.549209758345204913e+00 5.637530337802298258e-02 1.098691237793316899e+00
1.549209758345204913e+00 2.100606443039755522e+00 5.413991159143970860e-02 1.055149162316020073e+00
2.100606443039755522e+00 2.848256928908980079e+00 5.159844103941500087e-02 1.005686612887147557e+00
2.848256928908980079e+00 3.862012115576700655e+00 4.900704036012393933e-02 9.551090213304828103e-01
3.862012115576700655e+00 5.236584322670087666e+00 4.591290746872313949e-02 8.948453846430893810e-01
5.236584322670087666e+00 7.100395997680434945e+00 4.399549940990029467e-02 8.574402139189454264e-01
7.100395997680434945e+00 9.627577867049382121e+00 4.277628523855948883e-02 8.336000173984442485e-01
9.627577867049382121e+00 1.305423748427261188e+01 4.206910445624479494e-02 8.195509631895944169e-01
1.305423748427261188e+01 1.770051810009568172e+01 4.202593576688376520e-02 8.185760592610579200e-01
1.770051810009568172e+01 2.400050875352008006e+01 4.167158663185012435e-02 8.113171206178966255e-01
2.400050875352008006e+01 3.254279999999999973e+01 4.054246775170164407e-02 7.875971823162221108e-01
