1.000000000000000056e-01 1.355921257095313026e-01 7.874954864588512571e-02 1.514254518530055549e+00
1.355921257095313026e-01 1.838522455442933856e-01 6.946488012616004737e-02 1.342583409593208099e+00
1.838522455442933856e-01 2.492891678982144810e-01 6.222090027147861996e-02 1.204650040954602597e+00
2.492891678982144810e-01 3.380164819167915113e-01 5.700870447568204963e-02 1.107404346130413053e+00
3.380164819167915113e-01 4.583237330795510434e-01 5.364151014495258107e-02 1.042665186219026596e+00
4.583237330795510434e-01 6.214508923138416518e-01 5.379114347348674940e-02 1.047789603636674283e+00
6.214508923138416518e-01 8.426384751291882136e-01 5.490177192036452269e-02 1.069464713810732714e+00
8.426384751291882136e-01 1.142551420474046342e+00 5.451494730957291007e-02 1.062154192817930110e+00
1.142551420474046342e+00 1.549209758345204913e+00 5.458863634835564582e-02 1.063647211844208851e+00
1.549209758345204913e+00 2.100606443039755522e+00 5.387072078120678370e-02 1.049835582113284094e+00
2.100606443039755522e+00 2.848256928908980079e+00 5.084471350966603131e-02 9.909534592443616230e-01
2.848256928908980079e+00 3.862012115576700655e+00 4.818014649267243765e-02 9.389348107688207934e-01
3.862012115576700655e+00 5.236584322670087666e+00 4.593287321659260403e-02 8.951780670533034945e-01
5.236584322670087666e+00 7.100395997680434945e+00 4.430274875122326012e-02 8.633458334605540463e-01
7.100395997680434945e+00 9.627577867049382121e+00 4.340938622947512066e-02 8.458008481475630669e-01
9.627577867049382121e+00 1.305423748427261188e+01 4.286353579066762287e-02 8.348944474549911954e-01
1.305423748427261188e+01 1.770051810009568172e+01 4.262368445349661028e-02 8.298968732387179692e-01
1.770051810009568172e+01 2.400050875352008006e+01 4.237070746313512104e-02 8.237221610799700944e-01
2.400050875352008006e+01 3.254279999999999973e+01 4.151974417507145465e-02 8.048039784107212657e-01
