1.000000000000000056e-01 1.355921257095313026e-01 6.649044289811394115e-02 1.268281579011128146e+00
1.355921257095313026e-01 1.838522455442933856e-01 6.182886146873052546e-02 1.196297601592875903e+00
1.838522455442933856e-01 2.492891678982144810e-01 5.937448971694202909e-02 1.153709680227025247e+00
2.492891678982144810e-01 3.380164819167915113e-01 5.826065101667859264e-02 1.130327322889206121e+00
3.380164819167915113e-01 4.583237330795510434e-01 5.869002640889824096e-02 1.138878444009872259e+00
4.583237330795510434e-01 6.214508923138416518e-01 6.152159844484900164e-02 1.196924646568084949e+00
6.214508923138416518e-01 8.426384751291882136e-01 6.293065950244987328e-02 1.225303165495038371e+00
8.426384751291882136e-01 1.142551420474046342e+00 6.111016236119909406e-02 1.190207769276099947e+00
1.142551420474046342e+00 1.549209758345204913e+00 5.750947047238741394e-02 1.120511193278395545e+00
1.549209758345204913e+00 2.100606443039755522e+00 5.471500089911345704e-02 1.066078451939510563e+00
2.100606443039755522e+00 2.848256928908980079e+00 5.196144367563058225e-02 1.012505786833189703e+00
2.848256928908980079e+00 3.862012115576700655e+00 4.923722664431002399e-02 9.595071159232462232e-01
3.862012115576700655e+00 5.236584322670087666e+00 4.668663562537612999e-02 9.096906419656108911e-01
5.236584322670087666e+00 7.100395997680434945e+00 4.463255860258156377e-02 8.697364635447201175e-01
7.100395997680434945e+00 9.627577867049382121e+00 4.359427165280223976e-02 8.492753045543836032e-01
9.627577867049382121e+00 1.305423748427261188e+01 4.277977727489053889e-02 8.334987487816857277e-01
1.305423748427261188e+01 1.770051810009568172e+01 4.253241037771052224e-02 8.281655161619646544e-01
1.770051810009568172e+01 2.400050875352008006e+01 4.199214498547864521e-02 8.163257754815944622e-01
2.400050875352008006e+01 3.254279999999999973e+01 4.054859496347346798e-02 7.861697301054271225e-01
