1.000000000000000056e-01 1.355921257095313026e-01 3.101057101511202341e-02 6.022156803007739923e-01
1.355921257095313026e-01 1.838522455442933856e-01 3.314069347178708741e-02 6.445339535107382778e-01
1.838522455442933856e-01 2.492891678982144810e-01 3.569542790448987368e-02 6.945053057735800506e-01
2.492891678982144810e-01 3.380164819167915113e-01 3.829620676489306486e-02 7.457892179688422329e-01
3.380164819167915113e-01 4.583237330795510434e-01 4.192388314163912610e-02 8.166096702424919807e-01
4.583237330795510434e-01 6.214508923138416518e-01 4.746705070032622431e-02 9.242257710672268090e-01
6.214508923138416518e-01 8.426384751291882136e-01 5.783804153662990000e-02 1.126304692336896007e+00
8.426384751291882136e-01 1.142551420474046342e+00 7.419811279003125926e-02 1.445318277827631004e+00
1.142551420474046342e+00 1.549209758345204913e+00 7.167070505923975321e-02 1.396631340999985094e+00
1.549209758345204913e+00 2.100606443039755522e+00 6.175821755457692325e-02 1.203665199996224677e+00
2.100606443039755522e+00 2.848256928908980079e+00 5.506750181336623334e-02 1.073316279621419289e+00
2.848256928908980079e+00 3.862012115576700655e+00 5.108547011785814773e-02 9.956636129149327719e-01
3.862012115576700655e+00 5.236584322670087666e+00 4.760897909017910989e-02 9.278757535330192097e-01
5.236584322670087666e+00 7.100395997680434945e+00 4.513978475553142439e-02 8.797269917267132033e-01
7.100395997680434945e+00 9.627577867049382121e+00 4.347817368694861101e-02 8.473112302836290910e-01
9.627577867049382121e+00 1.305423748427261188e+01 4.198040858062529468e-02 8.180522802192842224e-01
1.305423748427261188e+01 1.770051810009568172e+01 4.178439956652667264e-02 8.140281783191533060e-01
1.770051810009568172e+01 2.400050875352008006e+01 4.123158409396924379e-02 8.028124562562752864e-01
2.400050875352008006e+01 3.254279999999999973e+01 3.962770158353360467e-02 7.708941582944952575e-01
