1.000000000000000056e-01 1.355921257095313026e-01 4.278247654939587585e-02 8.196243347508923582e-01
1.355921257095313026e-01 1.838522455442933856e-01 4.345720478965665878e-02 8.327759412330933975e-01
1.838522455442933856e-01 2.492891678982144810e-01 4.375930281377345132e-02 8.448145269776251576e-01
2.492891678982144810e-01 3.380164819167915113e-01 4.539351873561593698e-02 8.801016057771151591e-01
3.380164819167915113e-01 4.583237330795510434e-01 4.796266558907111982e-02 9.314255058893846639e-01
4.583237330795510434e-01 6.214508923138416518e-01 5.314227341230692847e-02 1.033929385623561181e+00
6.214508923138416518e-01 8.426384751291882136e-01 5.949418958406100383e-02 1.157725339260520903e+00
8.426384751291882136e-01 1.142551420474046342e+00 6.141602473477590640e-02 1.195559515911363002e+00
1.142551420474046342e+00 1.549209758345204913e+00 5.929102517519003329e-02 1.154661851251601146e+00
1.549209758345204913e+00 2.100606443039755522e+00 5.586073545267394164e-02 1.087983961014984402e+00
2.100606443039755522e+00 2.848256928908980079e+00 5.214472036211683509e-02 1.015971441505638673e+00
2.848256928908980079e+00 3.862012115576700655e+00 4.918523437126703923e-02 9.582746263612242910e-01
3.862012115576700655e+00 5.236584322670087666e+00 4.627286849321102236e-02 9.013357433580293510e-01
5.236584322670087666e+00 7.100395997680434945e+00 4.428295171276856040e-02 8.625285067752872514e-01
7.100395997680434945e+00 9.627577867049382121e+00 4.305608667086616159e-02 8.384406512430623293e-01
9.627577867049382121e+00 1.305423748427261188e+01 4.230754838688557257e-02 8.234846254521731579e-01
1.305423748427261188e+01 1.770051810009568172e+01 4.203115665898995990e-02 8.172829208307902382e-01
1.770051810009568172e+01 2.400050875352008006e+01 4.156980489813615759e-02 8.068258969784167789e-01
2.400050875352008006e+01 3.254279999999999973e+01 4.017754793487763459e-02 7.755810556120128485e-01
