1.000000000000000056e-01 1.355921257095313026e-01 4.620242595581689621e-02 8.945695050173545493e-01
1.355921257095313026e-01 1.838522455442933856e-01 4.384830815972172446e-02 8.509513845119356379e-01
1.838522455442933856e-01 2.492891678982144810e-01 4.193604105186105740e-02 8.122867313594371863e-01
2.492891678982144810e-01 3.380164819167915113e-01 4.109914542841622970e-02 7.986031287755392949e-01
3.380164819167915113e-01 4.583237330795510434e-01 4.154974719351809537e-02 8.078691352808338166e-01
4.583237330795510434e-01 6.214508923138416518e-01 4.445099463364606679e-02 8.646424826403605879e-01
6.214508923138416518e-01 8.426384751291882136e-01 5.086945133573164690e-02 9.904430372481952682e-01
8.426384751291882136e-01 1.142551420474046342e+00 5.924153104821139326e-02 1.153810443181123357e+00
1.142551420474046342e+00 1.549209758345204913e+00 6.511721892303563852e-02 1.268590390415926139e+00
1.549209758345204913e+00 2.100606443039755522e+00 6.012182678671938729e-02 1.171347103458006522e+00
2.100606443039755522e+00 2.848256928908980079e+00 5.400811633402156225e-02 1.052421699868903771e+00
2.848256928908980079e+00 3.862012115576700655e+00 5.011369972739784795e-02 9.766322502811464190e-01
3.862012115576700655e+00 5.236584322670087666e+00 4.698818648678167870e-02 9.155827460131896744e-01
5.236584322670087666e+00 7.100395997680434945e+00 4.475150764580583529e-02 8.719631935464854378e-01
7.100395997680434945e+00 9.627577867049382121e+00 4.340173081847328862e-02 8.453604546491885197e-01
9.627577867049382121e+00 1.305423748427261188e+01 4.249011911371464861e-02 8.273860154512794329e-01
1.305423748427261188e+01 1.770051810009568172e+01 4.221011152033273678e-02 8.217527372962586396e-01
1.770051810009568172e+01 2.400050875352008006e+01 4.167873195584444190e-02 8.104925202670137940e-01
2.400050875352008006e+01 3.254279999999999973e+01 4.034976453154454773e-02 7.810125399420753123e-01
