1.000000000000000056e-01 1.355921257095313026e-01 6.664325703468985951e-02 1.293947942976122478e+00
1.355921257095313026e-01 1.838522455442933856e-01 6.261302640159183142e-02 1.217861850350189457e+00
1.838522455442933856e-01 2.492891678982144810e-01 5.871957617103287091e-02 1.142175463684000913e+00
2.492891678982144810e-01 3.380164819167915113e-01 5.548205364841586607e-02 1.079528098328664365e+00
3.380164819167915113e-01 4.583237330795510434e-01 5.258944545454622560e-02 1.022919852386743766e+00
4.583237330795510434e-01 6.214508923138416518e-01 5.051497727981218988e-02 9.827516430517043711e-01
6.214508923138416518e-01 8.426384751291882136e-01 4.999939938790518013e-02 9.726472142525621756e-01
8.426384751291882136e-01 1.142551420474046342e+00 5.249289995675079923e-02 1.022002588998809580e+00
1.142551420474046342e+00 1.549209758345204913e+00 5.467538051190302950e-02 1.064901501830663566e+00
1.549209758345204913e+00 2.100606443039755522e+00 5.440614221683605367e-02 1.060210164637664043e+00
2.100606443039755522e+00 2.848256928908980079e+00 5.243288767139200196e-02 1.021422092077386878e+00
2.848256928908980079e+00 3.862012115576700655e+00 4.959556969446167474e-02 9.663402061435932833e-01
3.862012115576700655e+00 5.236584322670087666e+00 4.688066003898840733e-02 9.134070748061069445e-01
5.236584322670087666e+00 7.100395997680434945e+00 4.474404527674212539e-02 8.716860294776381801e-01
7.100395997680434945e+00 9.627577867049382121e+00 4.341658101460196123e-02 8.456560130191719260e-01
9.627577867049382121e+00 1.305423748427261188e+01 4.233110658364378637e-02 8.245163389263125975e-01
1.305423748427261188e+01 1.770051810009568172e+01 4.216987350657590977e-02 8.210204551472842782e-01
1.770051810009568172e+01 2.400050875352008006e+01 4.156957492305647650e-02 8.084762835055665509e-01
2.400050875352008006e+01 3.254279999999999973e+01 3.988519092192507193e-02 7.737834715077180903e-01
