1.000000000000000056e-01 1.355921257095313026e-01 5.912062345252720730e-02 1.145394288146080797e+00
1.355921257095313026e-01 1.838522455442933856e-01 5.447472984268712792e-02 1.056441528108384986e+00
1.838522455442933856e-01 2.492891678982144810e-01 5.163054810619791685e-02 9.982001331314498405e-01
2.492891678982144810e-01 3.380164819167915113e-01 4.944666781658709626e-02 9.600479091799859477e-01
3.380164819167915113e-01 4.583237330795510434e-01 4.949312123159115007e-02 9.623218951860694759e-01
4.583237330795510434e-01 6.214508923138416518e-01 5.310937827535647249e-02 1.033611177847732820e+00
6.214508923138416518e-01 8.426384751291882136e-01 5.839148457541704779e-02 1.136914441769114825e+00
8.426384751291882136e-01 1.142551420474046342e+00 6.050134680971379353e-02 1.178602535079086078e+00
1.142551420474046342e+00 1.549209758345204913e+00 6.031712104461413315e-02 1.175195094727253364e+00
1.549209758345204913e+00 2.100606443039755522e+00 5.696208706250546761e-02 1.109813800434801934e+00
2.100606443039755522e+00 2.848256928908980079e+00 5.333787871780034523e-02 1.039505978620036464e+00
2.848256928908980079e+00 3.862012115576700655e+00 4.992388589805750454e-02 9.728955800615974869e-01
3.862012115576700655e+00 5.236584322670087666e+00 4.681465593061442942e-02 9.122572166497058266e-01
5.236584322670087666e+00 7.100395997680434945e+00 4.459545179121642000e-02 8.689952988951928914e-01
7.100395997680434945e+00 9.627577867049382121e+00 4.317643935034613800e-02 8.413141585328036687e-01
9.627577867049382121e+00 1.305423748427261188e+01 4.226723162288767432e-02 8.236198642781771273e-01
1.305423748427261188e+01 1.770051810009568172e+01 4.182291114154547407e-02 8.148211040261942317e-01
1.770051810009568172e+01 2.400050875352008006e+01 4.131012292563054217e-02 8.037927219499048093e-01
2.400050875352008006e+01 3.254279999999999973e+01 4.005419810756034177e-02 7.785165298380457566e-01
