1.000000000000000056e-01 1.355921257095313026e-01 5.005129709159321372e-02 9.674685236005606814e-01
1.355921257095313026e-01 1.838522455442933856e-01 4.581382791723000170e-02 8.899917735885368719e-01
1.838522455442933856e-01 2.492891678982144810e-01 4.322052625157624117e-02 8.402705872279956356e-01
2.492891678982144810e-01 3.380164819167915113e-01 4.219783450670266944e-02 8.200757960077003084e-01
3.380164819167915113e-01 4.583237330795510434e-01 4.268180505504274441e-02 8.301008116289472216e-01
4.583237330795510434e-01 6.214508923138416518e-01 4.648842677897758319e-02 9.051279517600928637e-01
6.214508923138416518e-01 8.426384751291882136e-01 5.395919542360183563e-02 1.050999009568002407e+00
8.426384751291882136e-01 1.142551420474046342e+00 5.895079506940253955e-02 1.148610594749309932e+00
1.142551420474046342e+00 1.549209758345204913e+00 5.915738639643706304e-02 1.152680605002843084e+00
1.549209758345204913e+00 2.100606443039755522e+00 5.652652881942508284e-02 1.101673391536854174e+00
2.100606443039755522e+00 2.848256928908980079e+00 5.285382267702481290e-02 1.030006837756055393e+00
2.848256928908980079e+00 3.862012115576700655e+00 4.968530007303281759e-02 9.683660595972607421e-01
3.862012115576700655e+00 5.236584322670087666e+00 4.648212396773016009e-02 9.059460998274276866e-01
5.236584322670087666e+00 7.100395997680434945e+00 4.438198632742416938e-02 8.649570310427284747e-01
7.100395997680434945e+00 9.627577867049382121e+00 4.305236424869361006e-02 8.389249756218229992e-01
9.627577867049382121e+00 1.305423748427261188e+01 4.233462247358334152e-02 8.248345095777435132e-01
1.305423748427261188e+01 1.770051810009568172e+01 4.200264400196080522e-02 8.181482863693322338e-01
1.770051810009568172e+01 2.400050875352008006e+01 4.154782458840201864e-02 8.088827456195921695e-01
2.400050875352008006e+01 3.254279999999999973e+01 4.024001096330079991e-02 7.825668129144203178e-01
