1.000000000000000056e-01 1.355921257095313026e-01 7.434289623729982421e-02 1.435110847860524341e+00
1.355921257095313026e-01 1.838522455442933856e-01 6.896191647168881111e-02 1.336808335170746931e+00
1.838522455442933856e-01 2.492891678982144810e-01 6.394682461524396622e-02 1.239370034416056754e+00
2.492891678982144810e-01 3.380164819167915113e-01 5.978816997403132993e-02 1.159360286052732558e+00
3.380164819167915113e-01 4.583237330795510434e-01 5.635361472296175622e-02 1.093380723017935319e+00
4.583237330795510434e-01 6.214508923138416518e-01 5.365773313169119180e-02 1.044147205718828575e+00
6.214508923138416518e-01 8.426384751291882136e-01 5.349903871616161488e-02 1.041940635201883181e+00
8.426384751291882136e-01 1.142551420474046342e+00 5.692894189467365140e-02 1.109286058134344444e+00
1.142551420474046342e+00 1.549209758345204913e+00 5.900606946561507554e-02 1.150033025164543643e+00
1.549209758345204913e+00 2.100606443039755522e+00 5.692323449172018157e-02 1.109458431484652952e+00
2.100606443039755522e+00 2.848256928908980079e+00 5.370959738299412728e-02 1.046894051027897454e+00
2.848256928908980079e+00 3.862012115576700655e+00 5.047631853413207803e-02 9.838391012390642620e-01
3.862012115576700655e+00 5.236584322670087666e+00 4.746889727945180493e-02 9.252417214947998847e-01
5.236584322670087666e+00 7.100395997680434945e+00 4.532673965783907272e-02 8.834747532372725365e-01
7.100395997680434945e+00 9.627577867049382121e+00 4.391452660280033976e-02 8.558749784886610090e-01
9.627577867049382121e+00 1.305423748427261188e+01 4.283230246270429420e-02 8.347316504126336412e-01
1.305423748427261188e+01 1.770051810009568172e+01 4.265545103134264077e-02 8.310445856926733654e-01
1.770051810009568172e+01 2.400050875352008006e+01 4.220673219546564742e-02 8.218631811958313493e-01
2.400050875352008006e+01 3.254279999999999973e+01 4.094133291694445481e-02 7.963637419097927550e-01
