1.000000000000000056e-01 1.355921257095313026e-01 5.023839461244956894e-02 9.646167902265390115e-01
1.355921257095313026e-01 1.838522455442933856e-01 4.793213397020595901e-02 9.253108586886585885e-01
1.838522455442933856e-01 2.492891678982144810e-01 4.674913316564289351e-02 9.030835933772131119e-01
2.492891678982144810e-01 3.380164819167915113e-01 4.756206435381124531e-02 9.221681393112283187e-01
3.380164819167915113e-01 4.583237330795510434e-01 5.096738844619730369e-02 9.911456826082080118e-01
4.583237330795510434e-01 6.214508923138416518e-01 5.660710974607485735e-02 1.101141165682567813e+00
6.214508923138416518e-01 8.426384751291882136e-01 6.255425153055879650e-02 1.218738330652999524e+00
8.426384751291882136e-01 1.142551420474046342e+00 6.462292677492052773e-02 1.259245299627125947e+00
1.142551420474046342e+00 1.549209758345204913e+00 6.176328235720544846e-02 1.203544987345142259e+00
1.549209758345204913e+00 2.100606443039755522e+00 5.693336400761419419e-02 1.109436926829435510e+00
2.100606443039755522e+00 2.848256928908980079e+00 5.301957448717109500e-02 1.033238610116671063e+00
2.848256928908980079e+00 3.862012115576700655e+00 4.976722594086795820e-02 9.697257349847819841e-01
3.862012115576700655e+00 5.236584322670087666e+00 4.702233434938013490e-02 9.161685575070503962e-01
5.236584322670087666e+00 7.100395997680434945e+00 4.502985975823355774e-02 8.773855371641544609e-01
7.100395997680434945e+00 9.627577867049382121e+00 4.381710249824156272e-02 8.535926651116854114e-01
9.627577867049382121e+00 1.305423748427261188e+01 4.309991014851125707e-02 8.395976589061419082e-01
1.305423748427261188e+01 1.770051810009568172e+01 4.293833929370678704e-02 8.358460624875739819e-01
1.770051810009568172e+01 2.400050875352008006e+01 4.239395487872453516e-02 8.246728870693241786e-01
2.400050875352008006e+01 3.254279999999999973e+01 4.139630461127548344e-02 7.998307733780140039e-01
