1.000000000000000056e-01 1.355921257095313026e-01 4.451481828248499834e-02 8.609588946469296511e-01
1.355921257095313026e-01 1.838522455442933856e-01 4.197540323955133851e-02 8.156078057147720939e-01
1.838522455442933856e-01 2.492891678982144810e-01 4.042704739899766891e-02 7.867173215001685982e-01
2.492891678982144810e-01 3.380164819167915113e-01 4.034899827810965039e-02 7.839258685954174632e-01
3.380164819167915113e-01 4.583237330795510434e-01 4.269549760716633002e-02 8.297808795590529973e-01
4.583237330795510434e-01 6.214508923138416518e-01 4.897591806811239790e-02 9.534377640465224735e-01
6.214508923138416518e-01 8.426384751291882136e-01 5.986920073672014758e-02 1.166363461767595311e+00
8.426384751291882136e-01 1.142551420474046342e+00 6.675581088851011147e-02 1.300699706147521173e+00
1.142551420474046342e+00 1.549209758345204913e+00 6.375198190243897001e-02 1.242364592570206705e+00
1.549209758345204913e+00 2.100606443039755522e+00 5.799296121047459174e-02 1.129966131468240542e+00
2.100606443039755522e+00 2.848256928908980079e+00 5.336551111518354762e-02 1.040028617590272875e+00
2.848256928908980079e+00 3.862012115576700655e+00 4.993565126111440544e-02 9.732627476943530587e-01
3.862012115576700655e+00 5.236584322670087666e+00 4.701894397870463177e-02 9.163483487921787463e-01
5.236584322670087666e+00 7.100395997680434945e+00 4.493618809721994928e-02 8.757337892859317074e-01
7.100395997680434945e+00 9.627577867049382121e+00 4.370012701307149361e-02 8.514857391255371555e-01
9.627577867049382121e+00 1.305423748427261188e+01 4.271662005709979393e-02 8.319999520494901768e-01
1.305423748427261188e+01 1.770051810009568172e+01 4.251937008690990366e-02 8.274707741747777678e-01
1.770051810009568172e+01 2.400050875352008006e+01 4.207071826223069549e-02 8.166639705812869243e-01
2.400050875352008006e+01 3.254279999999999973e+01 4.094785104102918738e-02 7.915080783739091297e-01
