1.000000000000000056e-01 1.355921257095313026e-01 5.366008566083268344e-02 1.039620662968119280e+00
1.355921257095313026e-01 1.838522455442933856e-01 5.363694869090591261e-02 1.039475526373465186e+00
1.838522455442933856e-01 2.492891678982144810e-01 5.361150010881591405e-02 1.040699703379758922e+00
2.492891678982144810e-01 3.380164819167915113e-01 5.329625685673065189e-02 1.036271614880016623e+00
3.380164819167915113e-01 4.583237330795510434e-01 5.366571758856412272e-02 1.044566050629668341e+00
4.583237330795510434e-01 6.214508923138416518e-01 5.567653523634186891e-02 1.082599397024378352e+00
6.214508923138416518e-01 8.426384751291882136e-01 5.783624556539106176e-02 1.125498579597958182e+00
8.426384751291882136e-01 1.142551420474046342e+00 5.716302667283745809e-02 1.113499706612618878e+00
1.142551420474046342e+00 1.549209758345204913e+00 5.690032270750033233e-02 1.108652056845839340e+00
1.549209758345204913e+00 2.100606443039755522e+00 5.508805844225368731e-02 1.073641899438567693e+00
2.100606443039755522e+00 2.848256928908980079e+00 5.279484498624189420e-02 1.028981664013232322e+00
2.848256928908980079e+00 3.862012115576700655e+00 5.019649140514638452e-02 9.783939489275049750e-01
3.862012115576700655e+00 5.236584322670087666e+00 4.682210903766936827e-02 9.126209418506584514e-01
5.236584322670087666e+00 7.100395997680434945e+00 4.448704972785041262e-02 8.670668958512041113e-01
7.100395997680434945e+00 9.627577867049382121e+00 4.293808349198540569e-02 8.368984669719398140e-01
9.627577867049382121e+00 1.305423748427261188e+01 4.197347945234752159e-02 8.180340751262326071e-01
1.305423748427261188e+01 1.770051810009568172e+01 4.144159857880289066e-02 8.076233431126305096e-01
1.770051810009568172e+01 2.400050875352008006e+01 4.093933658999931308e-02 7.975350322039693740e-01
2.400050875352008006e+01 3.254279999999999973e+01 3.946455402688035102e-02 7.682150693642266770e-01
