1.000000000000000056e-01 1.355921257095313026e-01 5.022476611177839612e-02 9.757743037223576277e-01
1.355921257095313026e-01 1.838522455442933856e-01 5.261952786360574175e-02 1.017720762656493250e+00
1.838522455442933856e-01 2.492891678982144810e-01 5.442070279964082713e-02 1.057376807523121576e+00
2.492891678982144810e-01 3.380164819167915113e-01 5.546385914365706965e-02 1.078180659501038585e+00
3.380164819167915113e-01 4.583237330795510434e-01 5.590554795844337316e-02 1.086961945017095310e+00
4.583237330795510434e-01 6.214508923138416518e-01 5.521190566640486741e-02 1.074188772809434589e+00
6.214508923138416518e-01 8.426384751291882136e-01 5.595966958189390467e-02 1.089457082825410872e+00
8.426384751291882136e-01 1.142551420474046342e+00 5.656487486642106099e-02 1.101641288508584449e+00
1.142551420474046342e+00 1.549209758345204913e+00 5.553131076432474278e-02 1.081987766670727824e+00
1.549209758345204913e+00 2.100606443039755522e+00 5.383743365989913932e-02 1.049179177279954134e+00
2.100606443039755522e+00 2.848256928908980079e+00 5.187250084091728219e-02 1.010920840254987407e+00
2.848256928908980079e+00 3.862012115576700655e+00 4.881206211627488883e-02 9.512467584858100844e-01
3.862012115576700655e+00 5.236584322670087666e+00 4.619911595964686091e-02 9.003728485137811877e-01
5.236584322670087666e+00 7.100395997680434945e+00 4.396738292247188984e-02 8.567995471653814255e-01
7.100395997680434945e+00 9.627577867049382121e+00 4.257405156174504796e-02 8.296623616747835772e-01
9.627577867049382121e+00 1.305423748427261188e+01 4.173627047294646564e-02 8.132103150252750767e-01
1.305423748427261188e+01 1.770051810009568172e+01 4.129560260298299063e-02 8.044504522473916452e-01
1.770051810009568172e+01 2.400050875352008006e+01 4.071393153589764058e-02 7.927406194955047836e-01
2.400050875352008006e+01 3.254279999999999973e+01 3.948948209929915160e-02 7.686308866560177533e-01
