1.000000000000000056e-01 1.355921257095313026e-01 4.747747078378606461e-02 9.166431269764407919e-01
1.355921257095313026e-01 1.838522455442933856e-01 4.436028007073791052e-02 8.545564013318555086e-01
1.838522455442933856e-01 2.492891678982144810e-01 4.229717048070987667e-02 8.118954900529731233e-01
2.492891678982144810e-01 3.380164819167915113e-01 4.021544523639451751e-02 7.784280005372409272e-01
3.380164819167915113e-01 4.583237330795510434e-01 3.939946954878112417e-02 7.630580627373935165e-01
4.583237330795510434e-01 6.214508923138416518e-01 4.002184731767500364e-02 7.771255109546268969e-01
6.214508923138416518e-01 8.426384751291882136e-01 4.250497468320846989e-02 8.263328371847066256e-01
8.426384751291882136e-01 1.142551420474046342e+00 4.531801202327527534e-02 8.810223069373056548e-01
1.142551420474046342e+00 1.549209758345204913e+00 4.901525028368241416e-02 9.541764373620291728e-01
1.549209758345204913e+00 2.100606443039755522e+00 5.281879771392310879e-02 1.028365954320260789e+00
2.100606443039755522e+00 2.848256928908980079e+00 5.368289298988437180e-02 1.045447288910134276e+00
2.848256928908980079e+00 3.862012115576700655e+00 5.027502831418328988e-02 9.793680409453661140e-01
3.862012115576700655e+00 5.236584322670087666e+00 4.611210398127930238e-02 8.985734984063334929e-01
5.236584322670087666e+00 7.100395997680434945e+00 4.321085864516156089e-02 8.421279598354930451e-01
7.100395997680434945e+00 9.627577867049382121e+00 4.185432380013452691e-02 8.156118162832399765e-01
9.627577867049382121e+00 1.305423748427261188e+01 4.106688274789666721e-02 8.000910396690992243e-01
1.305423748427261188e+01 1.770051810009568172e+01 4.086272959871427995e-02 7.957219848655556760e-01
1.770051810009568172e+01 2.400050875352008006e+01 4.042838645012876431e-02 7.867382276815844122e-01
2.400050875352008006e+01 3.254279999999999973e+01 3.909046063084211514e-02 7.579225406195155834e-01
