1.000000000000000056e-01 1.355921257095313026e-01 7.724284950910884073e-02 1.493114115247843099e+00
1.355921257095313026e-01 1.838522455442933856e-01 7.367502309151177653e-02 1.424089727281661055e+00
1.838522455442933856e-01 2.492891678982144810e-01 7.043491804023255254e-02 1.365184178320531849e+00
2.492891678982144810e-01 3.380164819167915113e-01 6.641508225206300964e-02 1.289654856397662863e+00
3.380164819167915113e-01 4.583237330795510434e-01 6.091207482654825006e-02 1.182679379843615264e+00
4.583237330795510434e-01 6.214508923138416518e-01 5.359427657510366927e-02 1.042005966822359131e+00
6.214508923138416518e-01 8.426384751291882136e-01 5.223347071109245288e-02 1.017364181750389340e+00
8.426384751291882136e-01 1.142551420474046342e+00 5.646986859782869572e-02 1.100144099428454147e+00
1.142551420474046342e+00 1.549209758345204913e+00 5.943856155441788053e-02 1.158369097452969010e+00
1.549209758345204913e+00 2.100606443039755522e+00 5.744274244526780676e-02 1.119325125530712395e+00
2.100606443039755522e+00 2.848256928908980079e+00 5.373406005490662801e-02 1.047042838158062983e+00
2.848256928908980079e+00 3.862012115576700655e+00 5.057240183777508835e-02 9.854731682265879256e-01
3.862012115576700655e+00 5.236584322670087666e+00 4.742135960361016506e-02 9.237727896513056036e-01
5.236584322670087666e+00 7.100395997680434945e+00 4.498544301957625030e-02 8.762898315806225691e-01
7.100395997680434945e+00 9.627577867049382121e+00 4.344127044319889136e-02 8.461494139359214683e-01
9.627577867049382121e+00 1.305423748427261188e+01 4.212968532213887118e-02 8.203580678398277870e-01
1.305423748427261188e+01 1.770051810009568172e+01 4.165813107440578811e-02 8.110476320841163433e-01
1.770051810009568172e+01 2.400050875352008006e+01 4.080592558245579871e-02 7.935881048083173184e-01
2.400050875352008006e+01 3.254279999999999973e+01 3.909835604356926009e-02 7.573489040823254692e-01
