1.000000000000000056e-01 1.355921257095313026e-01 3.913292435999541491e-02 7.449784658068812071e-01
1.355921257095313026e-01 1.838522455442933856e-01 4.053183131469985379e-02 7.785799221226666900e-01
1.838522455442933856e-01 2.492891678982144810e-01 4.248453162396169380e-02 8.238330006640340875e-01
2.492891678982144810e-01 3.380164819167915113e-01 4.579281214313536685e-02 8.886706443684078138e-01
3.380164819167915113e-01 4.583237330795510434e-01 5.048975061688878302e-02 9.813061569519765381e-01
4.583237330795510434e-01 6.214508923138416518e-01 5.731651325807708697e-02 1.114069841081282153e+00
6.214508923138416518e-01 8.426384751291882136e-01 6.313622925799299013e-02 1.228858253587509886e+00
8.426384751291882136e-01 1.142551420474046342e+00 6.403531679808641131e-02 1.246797160634611989e+00
1.142551420474046342e+00 1.549209758345204913e+00 6.146084575408222728e-02 1.197144728055762330e+00
1.549209758345204913e+00 2.100606443039755522e+00 5.691072688022764947e-02 1.108844967449714725e+00
2.100606443039755522e+00 2.848256928908980079e+00 5.301845496360468174e-02 1.032610042756771929e+00
2.848256928908980079e+00 3.862012115576700655e+00 4.964203783279528409e-02 9.672152330690775290e-01
3.862012115576700655e+00 5.236584322670087666e+00 4.687902816721535582e-02 9.134332236464213217e-01
5.236584322670087666e+00 7.100395997680434945e+00 4.489836997691058068e-02 8.746598696870050427e-01
7.100395997680434945e+00 9.627577867049382121e+00 4.370980164697421677e-02 8.514040840686217804e-01
9.627577867049382121e+00 1.305423748427261188e+01 4.289244885588672923e-02 8.349986501378914294e-01
1.305423748427261188e+01 1.770051810009568172e+01 4.263897715481370504e-02 8.287365831900221913e-01
1.770051810009568172e+01 2.400050875352008006e+01 4.219850398319276163e-02 8.193252694394127511e-01
2.400050875352008006e+01 3.254279999999999973e+01 4.080485097165969383e-02 7.891447001283878881e-01
