1.000000000000000056e-01 1.355921257095313026e-01 7.045115758499741199e-02 1.368642663382639402e+00
1.355921257095313026e-01 1.838522455442933856e-01 6.497648722343589422e-02 1.259409482778119926e+00
1.838522455442933856e-01 2.492891678982144810e-01 5.940546658979450889e-02 1.150879858546473233e+00
2.492891678982144810e-01 3.380164819167915113e-01 5.475739284655925521e-02 1.062357772238807785e+00
3.380164819167915113e-01 4.583237330795510434e-01 5.005574658430732293e-02 9.729605872058990634e-01
4.583237330795510434e-01 6.214508923138416518e-01 4.611691736189408447e-02 8.968457737771933225e-01
6.214508923138416518e-01 8.426384751291882136e-01 4.898525856503509190e-02 9.538130118113737899e-01
8.426384751291882136e-01 1.142551420474046342e+00 5.744676541403100772e-02 1.118572276981329106e+00
1.142551420474046342e+00 1.549209758345204913e+00 6.057683472781807271e-02 1.180217764688455739e+00
1.549209758345204913e+00 2.100606443039755522e+00 5.870356203936038381e-02 1.143842836325327017e+00
2.100606443039755522e+00 2.848256928908980079e+00 5.472850233071911707e-02 1.066519807414771481e+00
2.848256928908980079e+00 3.862012115576700655e+00 5.126585354379169235e-02 9.987948664042168856e-01
3.862012115576700655e+00 5.236584322670087666e+00 4.793466301715379463e-02 9.340403343090157851e-01
5.236584322670087666e+00 7.100395997680434945e+00 4.538916418849242573e-02 8.843330353130054444e-01
7.100395997680434945e+00 9.627577867049382121e+00 4.364358291806522822e-02 8.503177067944553968e-01
9.627577867049382121e+00 1.305423748427261188e+01 4.229691272853012413e-02 8.237858704611437100e-01
1.305423748427261188e+01 1.770051810009568172e+01 4.163715538760595636e-02 8.109519192746832417e-01
1.770051810009568172e+01 2.400050875352008006e+01 4.079500952544003189e-02 7.936142801030434679e-01
2.400050875352008006e+01 3.254279999999999973e+01 3.909302224862672148e-02 7.569764091638608861e-01
