1.000000000000000056e-01 1.355921257095313026e-01 7.705728011263340838e-02 1.499695900808246884e+00
1.355921257095313026e-01 1.838522455442933856e-01 7.399812677967014529e-02 1.441365076399061973e+00
1.838522455442933856e-01 2.492891678982144810e-01 6.842146036371654638e-02 1.332302585464911315e+00
2.492891678982144810e-01 3.380164819167915113e-01 5.758879773995900786e-02 1.121261608962262901e+00
3.380164819167915113e-01 4.583237330795510434e-01 3.911897728359865073e-02 7.620553044057456482e-01
4.583237330795510434e-01 6.214508923138416518e-01 3.021996287168551149e-02 5.879191991077503676e-01
6.214508923138416518e-01 8.426384751291882136e-01 3.542997531126779176e-02 6.900378504895733345e-01
8.426384751291882136e-01 1.142551420474046342e+00 4.781372164384098400e-02 9.317428983642298546e-01
1.142551420474046342e+00 1.549209758345204913e+00 5.512073754033085249e-02 1.074137264416385129e+00
1.549209758345204913e+00 2.100606443039755522e+00 5.580308204587655641e-02 1.087639715447737743e+00
2.100606443039755522e+00 2.848256928908980079e+00 5.329005366694145041e-02 1.038685774985072863e+00
2.848256928908980079e+00 3.862012115576700655e+00 5.019732360285663469e-02 9.783877859261128629e-01
3.862012115576700655e+00 5.236584322670087666e+00 4.687088856305693385e-02 9.135438335995901271e-01
5.236584322670087666e+00 7.100395997680434945e+00 4.459577043509960897e-02 8.691913210252887323e-01
7.100395997680434945e+00 9.627577867049382121e+00 4.314441175897976155e-02 8.409077002884045582e-01
9.627577867049382121e+00 1.305423748427261188e+01 4.205971792770290402e-02 8.197207292176925675e-01
1.305423748427261188e+01 1.770051810009568172e+01 4.179909765221345025e-02 8.143491523383548092e-01
1.770051810009568172e+01 2.400050875352008006e+01 4.142158415978620944e-02 8.065386861434737931e-01
2.400050875352008006e+01 3.254279999999999973e+01 4.009101734955427404e-02 7.794635756586184572e-01
