1.000000000000000056e-01 1.355921257095313026e-01 4.957471344069515340e-02 9.493540878532935601e-01
1.355921257095313026e-01 1.838522455442933856e-01 4.958698445919056813e-02 9.625409814321955748e-01
1.838522455442933856e-01 2.492891678982144810e-01 5.058904048060144237e-02 9.812342187816185390e-01
2.492891678982144810e-01 3.380164819167915113e-01 5.320109390839606461e-02 1.033088992343924151e+00
3.380164819167915113e-01 4.583237330795510434e-01 5.756686978355702450e-02 1.119493538346056027e+00
4.583237330795510434e-01 6.214508923138416518e-01 6.385267236674369018e-02 1.243252481813648780e+00
6.214508923138416518e-01 8.426384751291882136e-01 6.807933252403122748e-02 1.326142754707348770e+00
8.426384751291882136e-01 1.142551420474046342e+00 6.733423893970240381e-02 1.311567758747435031e+00
1.142551420474046342e+00 1.549209758345204913e+00 6.251416405442403179e-02 1.217799793171333578e+00
1.549209758345204913e+00 2.100606443039755522e+00 5.802188280709077994e-02 1.130677853830437618e+00
2.100606443039755522e+00 2.848256928908980079e+00 5.385365340280889868e-02 1.049235111330329984e+00
2.848256928908980079e+00 3.862012115576700655e+00 5.043002116029926540e-02 9.826826514981142902e-01
3.862012115576700655e+00 5.236584322670087666e+00 4.738441486959546478e-02 9.231816200549723961e-01
5.236584322670087666e+00 7.100395997680434945e+00 4.507964650701571513e-02 8.782034845231815323e-01
7.100395997680434945e+00 9.627577867049382121e+00 4.368339439373324778e-02 8.509308144033412846e-01
9.627577867049382121e+00 1.305423748427261188e+01 4.273555501563510578e-02 8.321953581052861093e-01
1.305423748427261188e+01 1.770051810009568172e+01 4.231562767001516290e-02 8.235101751314075624e-01
1.770051810009568172e+01 2.400050875352008006e+01 4.145466035633375151e-02 8.060992844396177581e-01
2.400050875352008006e+01 3.254279999999999973e+01 3.979825807212818839e-02 7.702291656415700682e-01
