1.000000000000000056e-01 1.355921257095313026e-01 5.860001580820165673e-02 1.137088874117780035e+00
1.355921257095313026e-01 1.838522455442933856e-01 5.384891535429792847e-02 1.047304862013983984e+00
1.838522455442933856e-01 2.492891678982144810e-01 5.020452128473926884e-02 9.751918109302304405e-01
2.492891678982144810e-01 3.380164819167915113e-01 4.715635868438534939e-02 9.169013031012327453e-01
3.380164819167915113e-01 4.583237330795510434e-01 4.647327553799288080e-02 9.034119484641530695e-01
4.583237330795510434e-01 6.214508923138416518e-01 4.795218932327315053e-02 9.334684758509113056e-01
6.214508923138416518e-01 8.426384751291882136e-01 5.310457335345288715e-02 1.034619734141428937e+00
8.426384751291882136e-01 1.142551420474046342e+00 5.666578471526816096e-02 1.104241352665623399e+00
1.142551420474046342e+00 1.549209758345204913e+00 5.789760742511939479e-02 1.128339565331920147e+00
1.549209758345204913e+00 2.100606443039755522e+00 5.522590793898846107e-02 1.076338953849576008e+00
2.100606443039755522e+00 2.848256928908980079e+00 5.249583394130401259e-02 1.023209048315885550e+00
2.848256928908980079e+00 3.862012115576700655e+00 4.924655125868097894e-02 9.598709939410635661e-01
3.862012115576700655e+00 5.236584322670087666e+00 4.632267652591124524e-02 9.029329836824525612e-01
5.236584322670087666e+00 7.100395997680434945e+00 4.427959508640619962e-02 8.630670612029766042e-01
7.100395997680434945e+00 9.627577867049382121e+00 4.302705477657117056e-02 8.386758423666044182e-01
9.627577867049382121e+00 1.305423748427261188e+01 4.223595938167700597e-02 8.232128984585264098e-01
1.305423748427261188e+01 1.770051810009568172e+01 4.210992441655434654e-02 8.207003957979950304e-01
1.770051810009568172e+01 2.400050875352008006e+01 4.166037171170493963e-02 8.117311663067965366e-01
2.400050875352008006e+01 3.254279999999999973e+01 4.067053720579175136e-02 7.919632917834492636e-01
