1.000000000000000056e-01 1.355921257095313026e-01 5.206115030926608545e-02 1.001619543301917714e+00
1.355921257095313026e-01 1.838522455442933856e-01 5.198833749097621360e-02 1.008158506271324972e+00
1.838522455442933856e-01 2.492891678982144810e-01 5.231740294068482761e-02 1.013431290106835414e+00
2.492891678982144810e-01 3.380164819167915113e-01 5.323016292632105212e-02 1.035169232858130561e+00
3.380164819167915113e-01 4.583237330795510434e-01 5.588760393610860827e-02 1.087586982691663540e+00
4.583237330795510434e-01 6.214508923138416518e-01 5.963374851316206177e-02 1.160043517099216270e+00
6.214508923138416518e-01 8.426384751291882136e-01 6.239963601952935868e-02 1.215261174768735630e+00
8.426384751291882136e-01 1.142551420474046342e+00 6.058141201389789093e-02 1.179797293595744367e+00
1.142551420474046342e+00 1.549209758345204913e+00 5.730891403139119766e-02 1.116387531946368528e+00
1.549209758345204913e+00 2.100606443039755522e+00 5.426163150905867483e-02 1.057113662954207722e+00
2.100606443039755522e+00 2.848256928908980079e+00 5.137581180280767490e-02 1.001074736793806208e+00
2.848256928908980079e+00 3.862012115576700655e+00 4.870242791550474099e-02 9.488469570840712963e-01
3.862012115576700655e+00 5.236584322670087666e+00 4.605571295193895687e-02 8.971674649253185141e-01
5.236584322670087666e+00 7.100395997680434945e+00 4.434761905319175440e-02 8.637036920120336747e-01
7.100395997680434945e+00 9.627577867049382121e+00 4.341618111119130430e-02 8.455320002853901062e-01
9.627577867049382121e+00 1.305423748427261188e+01 4.298529999134114571e-02 8.362912050699111699e-01
1.305423748427261188e+01 1.770051810009568172e+01 4.294945229648298307e-02 8.351615934898871663e-01
1.770051810009568172e+01 2.400050875352008006e+01 4.252704703104240314e-02 8.258436448330687130e-01
2.400050875352008006e+01 3.254279999999999973e+01 4.153540412015543914e-02 8.049548969484792149e-01
