1.000000000000000056e-01 1.355921257095313026e-01 6.282993910911875701e-02 1.212590691286139499e+00
1.355921257095313026e-01 1.838522455442933856e-01 5.820268148596196428e-02 1.124013534758826705e+00
1.838522455442933856e-01 2.492891678982144810e-01 5.482742618540570323e-02 1.058357160651512086e+00
2.492891678982144810e-01 3.380164819167915113e-01 5.322168387991432076e-02 1.032034500591108239e+00
3.380164819167915113e-01 4.583237330795510434e-01 5.419819876379211587e-02 1.053747593187573495e+00
4.583237330795510434e-01 6.214508923138416518e-01 5.900326026792059725e-02 1.147700209668609306e+00
6.214508923138416518e-01 8.426384751291882136e-01 6.345774733380424304e-02 1.235975886954152392e+00
8.426384751291882136e-01 1.142551420474046342e+00 6.458454500160250300e-02 1.258099079381098662e+00
1.142551420474046342e+00 1.549209758345204913e+00 6.279595213334616954e-02 1.223251723110464928e+00
1.549209758345204913e+00 2.100606443039755522e+00 5.889023699264903794e-02 1.147596987367595522e+00
2.100606443039755522e+00 2.848256928908980079e+00 5.448947831424636595e-02 1.061922690537922875e+00
2.848256928908980079e+00 3.862012115576700655e+00 5.098658959169585086e-02 9.936562425466615167e-01
3.862012115576700655e+00 5.236584322670087666e+00 4.788190535627667027e-02 9.331200200916679455e-01
5.236584322670087666e+00 7.100395997680434945e+00 4.554038871343500661e-02 8.873529841125450401e-01
7.100395997680434945e+00 9.627577867049382121e+00 4.399932524851313254e-02 8.572948007558254258e-01
9.627577867049382121e+00 1.305423748427261188e+01 4.285504025481255003e-02 8.349892607160460667e-01
1.305423748427261188e+01 1.770051810009568172e+01 4.221650693560265871e-02 8.224993656049653934e-01
1.770051810009568172e+01 2.400050875352008006e+01 4.155324205271817423e-02 8.089051785332570521e-01
2.400050875352008006e+01 3.254279999999999973e+01 4.004671220785179647e-02 7.778085960274696564e-01
