1.000000000000000056e-01 1.355921257095313026e-01 4.476435883439933844e-02 8.554451446849693497e-01
1.355921257095313026e-01 1.838522455442933856e-01 4.202799309258337113e-02 8.144191356825157824e-01
1.838522455442933856e-01 2.492891678982144810e-01 4.032713554599871159e-02 7.819772571630225766e-01
2.492891678982144810e-01 3.380164819167915113e-01 3.927383605570884673e-02 7.631770958738460786e-01
3.380164819167915113e-01 4.583237330795510434e-01 3.976488488001601179e-02 7.723631893759758116e-01
4.583237330795510434e-01 6.214508923138416518e-01 4.293490119208767664e-02 8.350260334741183010e-01
6.214508923138416518e-01 8.426384751291882136e-01 4.806957151287778035e-02 9.363220655348608590e-01
8.426384751291882136e-01 1.142551420474046342e+00 5.254792754168161745e-02 1.022706273162799384e+00
1.142551420474046342e+00 1.549209758345204913e+00 5.632143493573331383e-02 1.096887955604945120e+00
1.549209758345204913e+00 2.100606443039755522e+00 5.548487563777861065e-02 1.081051481842416395e+00
2.100606443039755522e+00 2.848256928908980079e+00 5.172707790460150112e-02 1.007840970792565516e+00
2.848256928908980079e+00 3.862012115576700655e+00 4.805068702066905145e-02 9.362361474176308374e-01
3.862012115576700655e+00 5.236584322670087666e+00 4.523532636782289645e-02 8.815364251681089280e-01
5.236584322670087666e+00 7.100395997680434945e+00 4.349987018648389381e-02 8.475969087535681901e-01
7.100395997680434945e+00 9.627577867049382121e+00 4.263233034401105181e-02 8.304703863925946283e-01
9.627577867049382121e+00 1.305423748427261188e+01 4.214023155403133492e-02 8.206997981152693855e-01
1.305423748427261188e+01 1.770051810009568172e+01 4.219676508229174006e-02 8.215245605330345757e-01
1.770051810009568172e+01 2.400050875352008006e+01 4.182694522546578919e-02 8.127268601559545225e-01
2.400050875352008006e+01 3.254279999999999973e+01 4.066316818678303302e-02 7.867534167725620531e-01
