1.000000000000000056e-01 1.355921257095313026e-01 5.643474792237918730e-02 1.087098490800499029e+00
1.355921257095313026e-01 1.838522455442933856e-01 5.169825002765100763e-02 1.001118981249000006e+00
1.838522455442933856e-01 2.492891678982144810e-01 4.781838747907510290e-02 9.280578902605017833e-01
2.492891678982144810e-01 3.380164819167915113e-01 4.582638779475885216e-02 8.899101636049446817e-01
3.380164819167915113e-01 4.583237330795510434e-01 4.576597240028343339e-02 8.908916839447050817e-01
4.583237330795510434e-01 6.214508923138416518e-01 4.965620921070987293e-02 9.672888456865461615e-01
6.214508923138416518e-01 8.426384751291882136e-01 5.575263111332846161e-02 1.086234738351783191e+00
8.426384751291882136e-01 1.142551420474046342e+00 6.120865785680287136e-02 1.192732024857103168e+00
1.142551420474046342e+00 1.549209758345204913e+00 5.982512938316027901e-02 1.165613090500929649e+00
1.549209758345204913e+00 2.100606443039755522e+00 5.611765804462959251e-02 1.093656587968512284e+00
2.100606443039755522e+00 2.848256928908980079e+00 5.251479270815245098e-02 1.023417124115107324e+00
2.848256928908980079e+00 3.862012115576700655e+00 4.953439072146323396e-02 9.653222459059178640e-01
3.862012115576700655e+00 5.236584322670087666e+00 4.685393361081181818e-02 9.130628755782932426e-01
5.236584322670087666e+00 7.100395997680434945e+00 4.488470592659807301e-02 8.747244107502779586e-01
7.100395997680434945e+00 9.627577867049382121e+00 4.376421299325519015e-02 8.528436194407575943e-01
9.627577867049382121e+00 1.305423748427261188e+01 4.313527109727043063e-02 8.402788737886628390e-01
1.305423748427261188e+01 1.770051810009568172e+01 4.299549863180700954e-02 8.374911375474077824e-01
1.770051810009568172e+01 2.400050875352008006e+01 4.289266798048282925e-02 8.349589291504507793e-01
2.400050875352008006e+01 3.254279999999999973e+01 4.163360059920961226e-02 8.079220528000744528e-01
