1.000000000000000056e-01 1.355921257095313026e-01 3.548691624540284417e-02 6.840045976946388384e-01
1.355921257095313026e-01 1.838522455442933856e-01 3.631619384254741734e-02 7.035943334552202666e-01
1.838522455442933856e-01 2.492891678982144810e-01 3.764681382045349800e-02 7.314429273898647166e-01
2.492891678982144810e-01 3.380164819167915113e-01 3.939532486440790876e-02 7.662421326980267677e-01
3.380164819167915113e-01 4.583237330795510434e-01 4.265229878815909176e-02 8.284551859415768549e-01
4.583237330795510434e-01 6.214508923138416518e-01 4.842761118366396833e-02 9.426136370852952195e-01
6.214508923138416518e-01 8.426384751291882136e-01 5.633280999879065887e-02 1.096985190037587987e+00
8.426384751291882136e-01 1.142551420474046342e+00 6.093372779374266190e-02 1.187062649246064527e+00
1.142551420474046342e+00 1.549209758345204913e+00 6.227439527983337497e-02 1.213309375184383310e+00
1.549209758345204913e+00 2.100606443039755522e+00 5.855898040716324415e-02 1.141131161005721983e+00
2.100606443039755522e+00 2.848256928908980079e+00 5.366314625653693243e-02 1.045831193683786520e+00
2.848256928908980079e+00 3.862012115576700655e+00 5.005395426729771641e-02 9.755957196341581428e-01
3.862012115576700655e+00 5.236584322670087666e+00 4.693494135232147840e-02 9.147946045345362043e-01
5.236584322670087666e+00 7.100395997680434945e+00 4.472186110132290310e-02 8.716142291611808091e-01
7.100395997680434945e+00 9.627577867049382121e+00 4.349044972667764908e-02 8.475414533408331952e-01
9.627577867049382121e+00 1.305423748427261188e+01 4.257013417500089825e-02 8.294905823883703677e-01
1.305423748427261188e+01 1.770051810009568172e+01 4.230528657194630726e-02 8.240607907828892964e-01
1.770051810009568172e+01 2.400050875352008006e+01 4.207517887244251881e-02 8.185483180208447118e-01
2.400050875352008006e+01 3.254279999999999973e+01 4.090493092998252755e-02 7.933464770728829718e-01
