1.000000000000000056e-01 1.355921257095313026e-01 7.027290322508480958e-02 1.367740493635633214e+00
1.355921257095313026e-01 1.838522455442933856e-01 6.477256347315303586e-02 1.260562171830485356e+00
1.838522455442933856e-01 2.492891678982144810e-01 5.974551330288147694e-02 1.162835426354256185e+00
2.492891678982144810e-01 3.380164819167915113e-01 5.515985081587340688e-02 1.073711440256490679e+00
3.380164819167915113e-01 4.583237330795510434e-01 5.038780307528607783e-02 9.799194360559005945e-01
4.583237330795510434e-01 6.214508923138416518e-01 4.495212155487685740e-02 8.740329050908650643e-01
6.214508923138416518e-01 8.426384751291882136e-01 4.419922820579887113e-02 8.593586256309500016e-01
8.426384751291882136e-01 1.142551420474046342e+00 4.806061506755727325e-02 9.357580250209099892e-01
1.142551420474046342e+00 1.549209758345204913e+00 5.197222383083303227e-02 1.012318901979816665e+00
1.549209758345204913e+00 2.100606443039755522e+00 5.355249124962183083e-02 1.043459948921809932e+00
2.100606443039755522e+00 2.848256928908980079e+00 5.211124069530948671e-02 1.015200080346879030e+00
2.848256928908980079e+00 3.862012115576700655e+00 4.955542038288793250e-02 9.655937850088387453e-01
3.862012115576700655e+00 5.236584322670087666e+00 4.661264795006594963e-02 9.084115279332068971e-01
5.236584322670087666e+00 7.100395997680434945e+00 4.460114945142654858e-02 8.692452191619489676e-01
7.100395997680434945e+00 9.627577867049382121e+00 4.312350556833350473e-02 8.403803101076587900e-01
9.627577867049382121e+00 1.305423748427261188e+01 4.195662849741311345e-02 8.174114429728349673e-01
1.305423748427261188e+01 1.770051810009568172e+01 4.197799217806168909e-02 8.174385820084214549e-01
1.770051810009568172e+01 2.400050875352008006e+01 4.160338136718125940e-02 8.099081077045720001e-01
2.400050875352008006e+01 3.254279999999999973e+01 4.035569662520466228e-02 7.820343058971567229e-01
