1.000000000000000056e-01 1.355921257095313026e-01 6.298419744472950887e-02 1.225109098583233358e+00
1.355921257095313026e-01 1.838522455442933856e-01 6.052275638656937073e-02 1.177310767265890012e+00
1.838522455442933856e-01 2.492891678982144810e-01 5.839550004264664612e-02 1.135854044967532284e+00
2.492891678982144810e-01 3.380164819167915113e-01 5.544675256926214629e-02 1.079906717392978388e+00
3.380164819167915113e-01 4.583237330795510434e-01 5.134345373013142477e-02 9.990603566105841216e-01
4.583237330795510434e-01 6.214508923138416518e-01 4.494297857228909260e-02 8.744396105603132741e-01
6.214508923138416518e-01 8.426384751291882136e-01 4.661960924753920377e-02 9.072360268683209439e-01
8.426384751291882136e-01 1.142551420474046342e+00 5.180415855254293794e-02 1.009205987333042120e+00
1.142551420474046342e+00 1.549209758345204913e+00 5.472873745638522774e-02 1.066646532239577949e+00
1.549209758345204913e+00 2.100606443039755522e+00 5.482023075468719919e-02 1.068483892328267570e+00
2.100606443039755522e+00 2.848256928908980079e+00 5.279248531036510872e-02 1.028984690103575073e+00
2.848256928908980079e+00 3.862012115576700655e+00 4.986712979080962921e-02 9.719651396939990029e-01
3.862012115576700655e+00 5.236584322670087666e+00 4.665934705941381100e-02 9.094753407496491970e-01
5.236584322670087666e+00 7.100395997680434945e+00 4.441393911607923600e-02 8.656838199879227647e-01
7.100395997680434945e+00 9.627577867049382121e+00 4.288209133185461042e-02 8.357700563574870234e-01
9.627577867049382121e+00 1.305423748427261188e+01 4.182758901460173484e-02 8.151380334266328243e-01
1.305423748427261188e+01 1.770051810009568172e+01 4.155073292760269599e-02 8.096302790084782819e-01
1.770051810009568172e+01 2.400050875352008006e+01 4.128205957205580839e-02 8.040963583724509700e-01
2.400050875352008006e+01 3.254279999999999973e+01 3.996919205447189288e-02 7.778629483254321242e-01
