1.000000000000000056e-01 1.355921257095313026e-01 3.224738682646149240e-02 6.135230349506081149e-01
1.355921257095313026e-01 1.838522455442933856e-01 3.451383589007742808e-02 6.673115098212725194e-01
1.838522455442933856e-01 2.492891678982144810e-01 3.737191027507066887e-02 7.222885609127775997e-01
2.492891678982144810e-01 3.380164819167915113e-01 4.144929219513782820e-02 8.030788877979864182e-01
3.380164819167915113e-01 4.583237330795510434e-01 4.632496246372119070e-02 9.006716369671992073e-01
4.583237330795510434e-01 6.214508923138416518e-01 5.379428171141006909e-02 1.046262329658085077e+00
6.214508923138416518e-01 8.426384751291882136e-01 6.192086526741726743e-02 1.205165866941424468e+00
8.426384751291882136e-01 1.142551420474046342e+00 6.558358541338019099e-02 1.276814159913639335e+00
1.142551420474046342e+00 1.549209758345204913e+00 6.514778066870016704e-02 1.268973601406548468e+00
1.549209758345204913e+00 2.100606443039755522e+00 5.986692304267413056e-02 1.166380416224680472e+00
2.100606443039755522e+00 2.848256928908980079e+00 5.455665610263112780e-02 1.063084558471602659e+00
2.848256928908980079e+00 3.862012115576700655e+00 5.062704634644345919e-02 9.866759302252223751e-01
3.862012115576700655e+00 5.236584322670087666e+00 4.748392138880360575e-02 9.253112347907946900e-01
5.236584322670087666e+00 7.100395997680434945e+00 4.498723188890173946e-02 8.766727876593501945e-01
7.100395997680434945e+00 9.627577867049382121e+00 4.348823374861110480e-02 8.473894858292556620e-01
9.627577867049382121e+00 1.305423748427261188e+01 4.215731155362896498e-02 8.213458686985679602e-01
1.305423748427261188e+01 1.770051810009568172e+01 4.156364156094225631e-02 8.095548346948716611e-01
1.770051810009568172e+01 2.400050875352008006e+01 4.066750114121817777e-02 7.916525047403050186e-01
2.400050875352008006e+01 3.254279999999999973e+01 3.891590656226819739e-02 7.555796453930595513e-01
