1.000000000000000056e-01 1.355921257095313026e-01 5.569519313879658928e-02 1.081764611951776311e+00
1.355921257095313026e-01 1.838522455442933856e-01 5.125519931860617051e-02 9.967980717453254202e-01
1.838522455442933856e-01 2.492891678982144810e-01 4.791006000228930500e-02 9.323553859434392521e-01
2.492891678982144810e-01 3.380164819167915113e-01 4.529243910087620006e-02 8.819723382942580292e-01
3.380164819167915113e-01 4.583237330795510434e-01 4.449711786395176699e-02 8.655129971720595394e-01
4.583237330795510434e-01 6.214508923138416518e-01 4.620210147161796232e-02 8.997698483350939913e-01
6.214508923138416518e-01 8.426384751291882136e-01 5.234834691618986402e-02 1.019792121277883323e+00
8.426384751291882136e-01 1.142551420474046342e+00 5.970932304434317661e-02 1.163478488119640719e+00
1.142551420474046342e+00 1.549209758345204913e+00 6.079706995731131575e-02 1.184694787384220849e+00
1.549209758345204913e+00 2.100606443039755522e+00 5.814065501264987362e-02 1.133087677648919600e+00
2.100606443039755522e+00 2.848256928908980079e+00 5.425516011055409732e-02 1.057377445484439793e+00
2.848256928908980079e+00 3.862012115576700655e+00 5.105740346580833755e-02 9.951496718949212061e-01
3.862012115576700655e+00 5.236584322670087666e+00 4.731537569192066639e-02 9.222127101550270378e-01
5.236584322670087666e+00 7.100395997680434945e+00 4.486438726693077472e-02 8.743471415480641440e-01
7.100395997680434945e+00 9.627577867049382121e+00 4.308244315935230023e-02 8.396091906480048772e-01
9.627577867049382121e+00 1.305423748427261188e+01 4.170348255861331538e-02 8.127383252650207668e-01
1.305423748427261188e+01 1.770051810009568172e+01 4.131085654118227257e-02 8.048759033989175693e-01
1.770051810009568172e+01 2.400050875352008006e+01 4.072867162172071065e-02 7.933851955512840615e-01
2.400050875352008006e+01 3.254279999999999973e+01 3.880950854349855123e-02 7.551882450732111396e-01
