1.000000000000000056e-01 1.355921257095313026e-01 3.648512375182177275e-02 7.005135807226866573e-01
1.355921257095313026e-01 1.838522455442933856e-01 3.719302471163118268e-02 7.161776898263865210e-01
1.838522455442933856e-01 2.492891678982144810e-01 3.810020635889832530e-02 7.354676253481992054e-01
2.492891678982144810e-01 3.380164819167915113e-01 3.976255870365718453e-02 7.693616779997434207e-01
3.380164819167915113e-01 4.583237330795510434e-01 4.212361702421426463e-02 8.187929623838526849e-01
4.583237330795510434e-01 6.214508923138416518e-01 4.666243382868580369e-02 9.079941354112120999e-01
6.214508923138416518e-01 8.426384751291882136e-01 5.275302432547666204e-02 1.026561853817438363e+00
8.426384751291882136e-01 1.142551420474046342e+00 5.674827805327715274e-02 1.104950539600684456e+00
1.142551420474046342e+00 1.549209758345204913e+00 5.733300174385122516e-02 1.117076367135672488e+00
1.549209758345204913e+00 2.100606443039755522e+00 5.516215818278805832e-02 1.074448453089007938e+00
2.100606443039755522e+00 2.848256928908980079e+00 5.113892396326637918e-02 9.962069571137116553e-01
2.848256928908980079e+00 3.862012115576700655e+00 4.792633326984892944e-02 9.337179831563919841e-01
3.862012115576700655e+00 5.236584322670087666e+00 4.545587831642409343e-02 8.856197678182793354e-01
5.236584322670087666e+00 7.100395997680434945e+00 4.384367037372845222e-02 8.542577217694435898e-01
7.100395997680434945e+00 9.627577867049382121e+00 4.296148188716911870e-02 8.368789531647029545e-01
9.627577867049382121e+00 1.305423748427261188e+01 4.248099089192204636e-02 8.270582499196930115e-01
1.305423748427261188e+01 1.770051810009568172e+01 4.228026576759445765e-02 8.226900852353629112e-01
1.770051810009568172e+01 2.400050875352008006e+01 4.208630862861088839e-02 8.170190338771160521e-01
2.400050875352008006e+01 3.254279999999999973e+01 4.112157506455765832e-02 7.943448829590556981e-01
