1.000000000000000056e-01 1.355921257095313026e-01 7.137620589314361275e-02 1.383109961282799949e+00
1.355921257095313026e-01 1.838522455442933856e-01 6.741393521521152343e-02 1.302683591423635656e+00
1.838522455442933856e-01 2.492891678982144810e-01 6.283616935978990348e-02 1.218784726927138795e+00
2.492891678982144810e-01 3.380164819167915113e-01 5.910744229952689249e-02 1.147865331093326668e+00
3.380164819167915113e-01 4.583237330795510434e-01 5.546991095731595295e-02 1.077167792502917720e+00
4.583237330795510434e-01 6.214508923138416518e-01 5.322620948383940953e-02 1.035427918048173135e+00
6.214508923138416518e-01 8.426384751291882136e-01 5.294570958615207185e-02 1.031739153515819352e+00
8.426384751291882136e-01 1.142551420474046342e+00 5.151705097647548554e-02 1.003881337128540219e+00
1.142551420474046342e+00 1.549209758345204913e+00 5.272582316794164475e-02 1.027669515564974878e+00
1.549209758345204913e+00 2.100606443039755522e+00 5.279813662450790618e-02 1.029106038540740453e+00
2.100606443039755522e+00 2.848256928908980079e+00 5.099021496938326015e-02 9.938246569726114643e-01
2.848256928908980079e+00 3.862012115576700655e+00 4.850848457686820353e-02 9.454780607879078591e-01
3.862012115576700655e+00 5.236584322670087666e+00 4.562465498708524053e-02 8.892479802008937950e-01
5.236584322670087666e+00 7.100395997680434945e+00 4.385430606118365798e-02 8.547141792064112398e-01
7.100395997680434945e+00 9.627577867049382121e+00 4.278338444573950156e-02 8.338069529833886939e-01
9.627577867049382121e+00 1.305423748427261188e+01 4.211158694767359878e-02 8.205966654124730031e-01
1.305423748427261188e+01 1.770051810009568172e+01 4.211293620201914112e-02 8.204970731099294756e-01
1.770051810009568172e+01 2.400050875352008006e+01 4.187704136524592058e-02 8.154225399078582903e-01
2.400050875352008006e+01 3.254279999999999973e+01 4.109788299026662095e-02 7.994235004808697420e-01
