1.000000000000000056e-01 1.355921257095313026e-01 5.343521265573387274e-02 1.021926411069384866e+00
1.355921257095313026e-01 1.838522455442933856e-01 5.010142375660722736e-02 9.677715209473997104e-01
1.838522455442933856e-01 2.492891678982144810e-01 4.848721072019750861e-02 9.368893242263548471e-01
2.492891678982144810e-01 3.380164819167915113e-01 4.750117475664636379e-02 9.222322568920466868e-01
3.380164819167915113e-01 4.583237330795510434e-01 4.951907288182194611e-02 9.614766845005979778e-01
4.583237330795510434e-01 6.214508923138416518e-01 5.499726866229720512e-02 1.070818696145585891e+00
6.214508923138416518e-01 8.426384751291882136e-01 6.181192562723326206e-02 1.203845786957104647e+00
8.426384751291882136e-01 1.142551420474046342e+00 6.452173992039950123e-02 1.256608463749594451e+00
1.142551420474046342e+00 1.549209758345204913e+00 6.337338691679850200e-02 1.234808166990227551e+00
1.549209758345204913e+00 2.100606443039755522e+00 5.828114054501926100e-02 1.135610286481171460e+00
2.100606443039755522e+00 2.848256928908980079e+00 5.384903022191803862e-02 1.049212022825517510e+00
2.848256928908980079e+00 3.862012115576700655e+00 5.038635893978979374e-02 9.818237053498176659e-01
3.862012115576700655e+00 5.236584322670087666e+00 4.732122158084851871e-02 9.221844654406922137e-01
5.236584322670087666e+00 7.100395997680434945e+00 4.515528281091338303e-02 8.798378147449271713e-01
7.100395997680434945e+00 9.627577867049382121e+00 4.379902317402437767e-02 8.533362038146111717e-01
9.627577867049382121e+00 1.305423748427261188e+01 4.283709274869630657e-02 8.342668858801540743e-01
1.305423748427261188e+01 1.770051810009568172e+01 4.256502041264662028e-02 8.283800140924661992e-01
1.770051810009568172e+01 2.400050875352008006e+01 4.210740921852271224e-02 8.184829373514357354e-01
2.400050875352008006e+01 3.254279999999999973e+01 4.079188649139940670e-02 7.911827424615336390e-01
