1.000000000000000056e-01 1.355921257095313026e-01 4.794642185244269578e-02 9.314245302687895744e-01
1.355921257095313026e-01 1.838522455442933856e-01 4.507962478753600732e-02 8.710464992619600944e-01
1.838522455442933856e-01 2.492891678982144810e-01 4.253535810902660946e-02 8.238208352537735868e-01
2.492891678982144810e-01 3.380164819167915113e-01 4.146087234992508475e-02 8.054885855307399867e-01
3.380164819167915113e-01 4.583237330795510434e-01 4.140043108542653533e-02 8.050845657622855978e-01
4.583237330795510434e-01 6.214508923138416518e-01 4.459274525272204776e-02 8.674394497862426556e-01
6.214508923138416518e-01 8.426384751291882136e-01 5.233203893779238974e-02 1.017908513055019837e+00
8.426384751291882136e-01 1.142551420474046342e+00 6.305505113425649566e-02 1.228021912688688655e+00
1.142551420474046342e+00 1.549209758345204913e+00 6.638087831093004987e-02 1.292967455306702318e+00
1.549209758345204913e+00 2.100606443039755522e+00 5.992326889525556588e-02 1.167592928393585749e+00
2.100606443039755522e+00 2.848256928908980079e+00 5.427414527533992727e-02 1.057591678264760082e+00
2.848256928908980079e+00 3.862012115576700655e+00 5.062853493578788749e-02 9.867238034271917924e-01
3.862012115576700655e+00 5.236584322670087666e+00 4.728068281707611259e-02 9.214678243770004773e-01
5.236584322670087666e+00 7.100395997680434945e+00 4.496744832910488238e-02 8.764015266101644608e-01
7.100395997680434945e+00 9.627577867049382121e+00 4.342544608187220295e-02 8.462663060632495959e-01
9.627577867049382121e+00 1.305423748427261188e+01 4.236188157618845512e-02 8.254562865733618970e-01
1.305423748427261188e+01 1.770051810009568172e+01 4.209722039724714954e-02 8.199887859626213693e-01
1.770051810009568172e+01 2.400050875352008006e+01 4.163553589431145951e-02 8.103163127496103568e-01
2.400050875352008006e+01 3.254279999999999973e+01 4.033135511190170247e-02 7.821440683895330981e-01
