1.000000000000000056e-01 1.355921257095313026e-01 5.545312413053143930e-02 1.073340189022220059e+00
1.355921257095313026e-01 1.838522455442933856e-01 5.380393392694635124e-02 1.042491337515000449e+00
1.838522455442933856e-01 2.492891678982144810e-01 5.281884102831773536e-02 1.023470077378930254e+00
2.492891678982144810e-01 3.380164819167915113e-01 5.191951833135439315e-02 1.008930075870942744e+00
3.380164819167915113e-01 4.583237330795510434e-01 5.215468733265409690e-02 1.014573878909102778e+00
4.583237330795510434e-01 6.214508923138416518e-01 5.443447815516367499e-02 1.059802329405493460e+00
6.214508923138416518e-01 8.426384751291882136e-01 5.773647976705337248e-02 1.123942185380894632e+00
8.426384751291882136e-01 1.142551420474046342e+00 5.733266358367083287e-02 1.117035088474136906e+00
1.142551420474046342e+00 1.549209758345204913e+00 5.582879713079105105e-02 1.087853109950453367e+00
1.549209758345204913e+00 2.100606443039755522e+00 5.458200416720154768e-02 1.063763209841378510e+00
2.100606443039755522e+00 2.848256928908980079e+00 5.172407320411347154e-02 1.008065516289630592e+00
2.848256928908980079e+00 3.862012115576700655e+00 4.841373614690802629e-02 9.435263820265769041e-01
3.862012115576700655e+00 5.236584322670087666e+00 4.606871127642409025e-02 8.978254688352440560e-01
5.236584322670087666e+00 7.100395997680434945e+00 4.411396036741899174e-02 8.595905160001017231e-01
7.100395997680434945e+00 9.627577867049382121e+00 4.306363509084594476e-02 8.389818371667973063e-01
9.627577867049382121e+00 1.305423748427261188e+01 4.255799430653595117e-02 8.289068608996653653e-01
1.305423748427261188e+01 1.770051810009568172e+01 4.245438313161562643e-02 8.267848292832115087e-01
1.770051810009568172e+01 2.400050875352008006e+01 4.206775927726667114e-02 8.189133644767020437e-01
2.400050875352008006e+01 3.254279999999999973e+01 4.129883928412392963e-02 8.026671763424089168e-01
