1.000000000000000056e-01 1.355921257095313026e-01 3.566467804694507110e-02 6.913193544121571943e-01
1.355921257095313026e-01 1.838522455442933856e-01 3.645800701354775381e-02 7.069492841334200639e-01
1.838522455442933856e-01 2.492891678982144810e-01 3.760207116467779997e-02 7.305530371310897664e-01
2.492891678982144810e-01 3.380164819167915113e-01 3.872283706530675607e-02 7.531560015837120980e-01
3.380164819167915113e-01 4.583237330795510434e-01 4.102767323043257641e-02 7.982448424507186946e-01
4.583237330795510434e-01 6.214508923138416518e-01 4.458388620864334878e-02 8.677730693077012614e-01
6.214508923138416518e-01 8.426384751291882136e-01 5.110246087278008664e-02 9.955829898429209290e-01
8.426384751291882136e-01 1.142551420474046342e+00 5.689889194012969637e-02 1.108769585300004801e+00
1.142551420474046342e+00 1.549209758345204913e+00 6.129200139764011401e-02 1.194150435861521142e+00
1.549209758345204913e+00 2.100606443039755522e+00 5.888961030625048526e-02 1.147701726552448065e+00
2.100606443039755522e+00 2.848256928908980079e+00 5.405126664969158584e-02 1.053387287805619410e+00
2.848256928908980079e+00 3.862012115576700655e+00 4.955312837808501653e-02 9.657820578421502100e-01
3.862012115576700655e+00 5.236584322670087666e+00 4.640654317677609525e-02 9.044957803670724550e-01
5.236584322670087666e+00 7.100395997680434945e+00 4.409556217822931806e-02 8.594324370567619775e-01
7.100395997680434945e+00 9.627577867049382121e+00 4.263773925642710960e-02 8.309657531659456753e-01
9.627577867049382121e+00 1.305423748427261188e+01 4.166922020374870528e-02 8.120784778474670063e-01
1.305423748427261188e+01 1.770051810009568172e+01 4.126113737080965710e-02 8.039643430593096385e-01
1.770051810009568172e+01 2.400050875352008006e+01 4.062193593872932829e-02 7.913207240646630281e-01
2.400050875352008006e+01 3.254279999999999973e+01 3.933997908507332747e-02 7.660559899063640321e-01
