1.000000000000000056e-01 1.355921257095313026e-01 3.868976135363367402e-02 7.505093045996389378e-01
1.355921257095313026e-01 1.838522455442933856e-01 3.796689987264909028e-02 7.368287838748797114e-01
1.838522455442933856e-01 2.492891678982144810e-01 3.715243922383366926e-02 7.220737036654116814e-01
2.492891678982144810e-01 3.380164819167915113e-01 3.687411306536400590e-02 7.171411142314307874e-01
3.380164819167915113e-01 4.583237330795510434e-01 3.744961621342574737e-02 7.284312378313514413e-01
4.583237330795510434e-01 6.214508923138416518e-01 3.944807188254566277e-02 7.675113397728527964e-01
6.214508923138416518e-01 8.426384751291882136e-01 4.326813347816377969e-02 8.426105169088979885e-01
8.426384751291882136e-01 1.142551420474046342e+00 4.720636384962247772e-02 9.194577438184701190e-01
1.142551420474046342e+00 1.549209758345204913e+00 5.164379242009931731e-02 1.006272421204318812e+00
1.549209758345204913e+00 2.100606443039755522e+00 5.480759644017373089e-02 1.067907717493038922e+00
2.100606443039755522e+00 2.848256928908980079e+00 5.452049194119997638e-02 1.062330607442214969e+00
2.848256928908980079e+00 3.862012115576700655e+00 5.049700956274293800e-02 9.839852650662760380e-01
3.862012115576700655e+00 5.236584322670087666e+00 4.626819078766455928e-02 9.016692251936945235e-01
5.236584322670087666e+00 7.100395997680434945e+00 4.344291167422498212e-02 8.466653590776511695e-01
7.100395997680434945e+00 9.627577867049382121e+00 4.196137573570744156e-02 8.177832500356824186e-01
9.627577867049382121e+00 1.305423748427261188e+01 4.106539918204784451e-02 8.002365492755700860e-01
1.305423748427261188e+01 1.770051810009568172e+01 4.070556603413725411e-02 7.930898274587053765e-01
1.770051810009568172e+01 2.400050875352008006e+01 4.007412878010990082e-02 7.805185591082898222e-01
2.400050875352008006e+01 3.254279999999999973e+01 3.880931424892584969e-02 7.547874259543839726e-01
