1.000000000000000056e-01 1.355921257095313026e-01 4.022128980009644084e-02 7.756824606938382827e-01
1.355921257095313026e-01 1.838522455442933856e-01 4.175706075235281756e-02 8.078716578625606548e-01
1.838522455442933856e-01 2.492891678982144810e-01 4.362956992059744549e-02 8.463631263496101953e-01
2.492891678982144810e-01 3.380164819167915113e-01 4.606855050660774165e-02 8.967633805612692521e-01
3.380164819167915113e-01 4.583237330795510434e-01 5.104133500658438599e-02 9.943322605980673412e-01
4.583237330795510434e-01 6.214508923138416518e-01 5.708505585125261961e-02 1.111972495432113961e+00
6.214508923138416518e-01 8.426384751291882136e-01 6.232348971154652584e-02 1.213311648970926138e+00
8.426384751291882136e-01 1.142551420474046342e+00 6.357915931506266660e-02 1.238252236226448533e+00
1.142551420474046342e+00 1.549209758345204913e+00 6.127872154848512665e-02 1.193527702118122091e+00
1.549209758345204913e+00 2.100606443039755522e+00 5.777883420908683926e-02 1.125715643816709077e+00
2.100606443039755522e+00 2.848256928908980079e+00 5.363028610507102056e-02 1.044829272294628186e+00
2.848256928908980079e+00 3.862012115576700655e+00 4.957646243824179871e-02 9.660117559204182136e-01
3.862012115576700655e+00 5.236584322670087666e+00 4.686889404983301394e-02 9.130695371572292718e-01
5.236584322670087666e+00 7.100395997680434945e+00 4.481966305651959026e-02 8.732354471489239822e-01
7.100395997680434945e+00 9.627577867049382121e+00 4.381985776629084700e-02 8.533389030707682066e-01
9.627577867049382121e+00 1.305423748427261188e+01 4.312250784364454054e-02 8.393177204262716185e-01
1.305423748427261188e+01 1.770051810009568172e+01 4.286867355811589675e-02 8.329931862668660258e-01
1.770051810009568172e+01 2.400050875352008006e+01 4.244948950456649273e-02 8.221462759312362367e-01
2.400050875352008006e+01 3.254279999999999973e+01 4.139624887627435523e-02 7.928484846465386759e-01
