1.000000000000000056e-01 1.355921257095313026e-01 4.554037306488933207e-02 8.833029010855907304e-01
1.355921257095313026e-01 1.838522455442933856e-01 4.282452307498448713e-02 8.324456407433510341e-01
1.838522455442933856e-01 2.492891678982144810e-01 4.091662190151397482e-02 7.953590739152128775e-01
2.492891678982144810e-01 3.380164819167915113e-01 4.079998315581564311e-02 7.925046339123090755e-01
3.380164819167915113e-01 4.583237330795510434e-01 4.207424642904337986e-02 8.191047944092920696e-01
4.583237330795510434e-01 6.214508923138416518e-01 4.725265598150618640e-02 9.194109710416610293e-01
6.214508923138416518e-01 8.426384751291882136e-01 5.605733639784506867e-02 1.092316154530344807e+00
8.426384751291882136e-01 1.142551420474046342e+00 6.500200322847532464e-02 1.266506809824409219e+00
1.142551420474046342e+00 1.549209758345204913e+00 6.536759701310144999e-02 1.273997908621927522e+00
1.549209758345204913e+00 2.100606443039755522e+00 5.941584436538934616e-02 1.158045826117577226e+00
2.100606443039755522e+00 2.848256928908980079e+00 5.431434084266447554e-02 1.058636130888741089e+00
2.848256928908980079e+00 3.862012115576700655e+00 5.053435469596567753e-02 9.849734453262531941e-01
3.862012115576700655e+00 5.236584322670087666e+00 4.748429481642022637e-02 9.255117408306386961e-01
5.236584322670087666e+00 7.100395997680434945e+00 4.528860004835547765e-02 8.826886141837019251e-01
7.100395997680434945e+00 9.627577867049382121e+00 4.388120711964391130e-02 8.551458132936577972e-01
9.627577867049382121e+00 1.305423748427261188e+01 4.288522333974098544e-02 8.355406515717500593e-01
1.305423748427261188e+01 1.770051810009568172e+01 4.264012212594895518e-02 8.304488758632004863e-01
1.770051810009568172e+01 2.400050875352008006e+01 4.215319976408823249e-02 8.204867305312547598e-01
2.400050875352008006e+01 3.254279999999999973e+01 4.080736889261537409e-02 7.929158290497140271e-01
