1.000000000000000056e-01 1.355921257095313026e-01 7.265667735449175824e-02 1.397796741927521680e+00
1.355921257095313026e-01 1.838522455442933856e-01 6.440040803195290486e-02 1.245999544952426374e+00
1.838522455442933856e-01 2.492891678982144810e-01 5.908547295055222720e-02 1.145477880342548271e+00
2.492891678982144810e-01 3.380164819167915113e-01 5.430523339155602508e-02 1.051583615254356507e+00
3.380164819167915113e-01 4.583237330795510434e-01 5.117040771906259528e-02 9.917060740045893219e-01
4.583237330795510434e-01 6.214508923138416518e-01 5.111331784505736275e-02 9.902362117062764035e-01
6.214508923138416518e-01 8.426384751291882136e-01 5.381091925308901375e-02 1.046304558218756897e+00
8.426384751291882136e-01 1.142551420474046342e+00 5.460392567799228491e-02 1.063366180188903831e+00
1.142551420474046342e+00 1.549209758345204913e+00 5.204696989972510540e-02 1.013937136108257420e+00
1.549209758345204913e+00 2.100606443039755522e+00 5.082198238380447597e-02 9.904282284363581379e-01
2.100606443039755522e+00 2.848256928908980079e+00 4.889871231885124098e-02 9.530545638081283633e-01
2.848256928908980079e+00 3.862012115576700655e+00 4.713001265408534729e-02 9.186070202443521460e-01
3.862012115576700655e+00 5.236584322670087666e+00 4.503128843759614253e-02 8.776882409996666912e-01
5.236584322670087666e+00 7.100395997680434945e+00 4.330458271214194382e-02 8.440285143434869131e-01
7.100395997680434945e+00 9.627577867049382121e+00 4.236738907147686445e-02 8.258082717219550339e-01
9.627577867049382121e+00 1.305423748427261188e+01 4.189184405233634806e-02 8.165003513536502888e-01
1.305423748427261188e+01 1.770051810009568172e+01 4.165139845043447364e-02 8.117803841333717241e-01
1.770051810009568172e+01 2.400050875352008006e+01 4.126056545917424628e-02 8.039844485019617126e-01
2.400050875352008006e+01 3.254279999999999973e+01 4.008568329283366399e-02 7.808246326403921467e-01
