1.000000000000000056e-01 1.355921257095313026e-01 5.685555917860422859e-02 1.105561473231262637e+00
1.355921257095313026e-01 1.838522455442933856e-01 5.233228786680846345e-02 1.018421197922903421e+00
1.838522455442933856e-01 2.492891678982144810e-01 4.870326224666502585e-02 9.477751421499281959e-01
2.492891678982144810e-01 3.380164819167915113e-01 4.610163768430085990e-02 8.972882452496973027e-01
3.380164819167915113e-01 4.583237330795510434e-01 4.404471565405940203e-02 8.567766624292969535e-01
4.583237330795510434e-01 6.214508923138416518e-01 4.335519955681312043e-02 8.443388650679369833e-01
6.214508923138416518e-01 8.426384751291882136e-01 4.668049710094274163e-02 9.089180676641099854e-01
8.426384751291882136e-01 1.142551420474046342e+00 5.457218949829779203e-02 1.063089030617393460e+00
1.142551420474046342e+00 1.549209758345204913e+00 5.788142890095786253e-02 1.127726680314758090e+00
1.549209758345204913e+00 2.100606443039755522e+00 5.619749349123460969e-02 1.094923011973726545e+00
2.100606443039755522e+00 2.848256928908980079e+00 5.325361189281892921e-02 1.037748073258387027e+00
2.848256928908980079e+00 3.862012115576700655e+00 5.007937447283301174e-02 9.760191450712485395e-01
3.862012115576700655e+00 5.236584322670087666e+00 4.697561754920774602e-02 9.155701810631891036e-01
5.236584322670087666e+00 7.100395997680434945e+00 4.462970176105134079e-02 8.698452544434798206e-01
7.100395997680434945e+00 9.627577867049382121e+00 4.305202041353200365e-02 8.389453388537405631e-01
9.627577867049382121e+00 1.305423748427261188e+01 4.168136744164319812e-02 8.121260232407196966e-01
1.305423748427261188e+01 1.770051810009568172e+01 4.148490735765397036e-02 8.080812084913372439e-01
1.770051810009568172e+01 2.400050875352008006e+01 4.077496375916335458e-02 7.939668705669280513e-01
2.400050875352008006e+01 3.254279999999999973e+01 3.896800571705226479e-02 7.572591931062416792e-01
