1.000000000000000056e-01 1.355921257095313026e-01 3.530001563202726789e-02 6.772824893000084501e-01
1.355921257095313026e-01 1.838522455442933856e-01 3.761121559411510079e-02 7.278883494915084906e-01
1.838522455442933856e-01 2.492891678982144810e-01 4.041595157804617894e-02 7.852733105288992599e-01
2.492891678982144810e-01 3.380164819167915113e-01 4.438927954466753006e-02 8.633016059963258826e-01
3.380164819167915113e-01 4.583237330795510434e-01 4.891394430942562488e-02 9.517764348464957669e-01
4.583237330795510434e-01 6.214508923138416518e-01 5.489453784950382859e-02 1.068399346463583477e+00
6.214508923138416518e-01 8.426384751291882136e-01 6.156040888069441025e-02 1.198285132467358238e+00
8.426384751291882136e-01 1.142551420474046342e+00 6.419604172193366098e-02 1.249998508470967939e+00
1.142551420474046342e+00 1.549209758345204913e+00 6.222883125709616908e-02 1.212505739865799681e+00
1.549209758345204913e+00 2.100606443039755522e+00 5.763323468006169986e-02 1.123068691126491103e+00
2.100606443039755522e+00 2.848256928908980079e+00 5.338377243264420119e-02 1.040021648210232019e+00
2.848256928908980079e+00 3.862012115576700655e+00 4.946122436524775373e-02 9.635113872027175619e-01
3.862012115576700655e+00 5.236584322670087666e+00 4.669655081779319761e-02 9.098589489251851514e-01
5.236584322670087666e+00 7.100395997680434945e+00 4.459520359616509638e-02 8.688771555332508445e-01
7.100395997680434945e+00 9.627577867049382121e+00 4.342256116477055672e-02 8.460655582449108092e-01
9.627577867049382121e+00 1.305423748427261188e+01 4.261229377632407000e-02 8.301433616868627574e-01
1.305423748427261188e+01 1.770051810009568172e+01 4.225559049389916721e-02 8.226253449909863846e-01
1.770051810009568172e+01 2.400050875352008006e+01 4.180966788821483676e-02 8.126785536875407168e-01
2.400050875352008006e+01 3.254279999999999973e+01 4.086173340387490999e-02 7.876223708893236308e-01
