1.000000000000000056e-01 1.355921257095313026e-01 5.955189540658402392e-02 1.143223977096524457e+00
1.355921257095313026e-01 1.838522455442933856e-01 5.449401039669387464e-02 1.053829409524641880e+00
1.838522455442933856e-01 2.492891678982144810e-01 5.066316001063862762e-02 9.798426006264904231e-01
2.492891678982144810e-01 3.380164819167915113e-01 4.878406567924049864e-02 9.425077024775330159e-01
3.380164819167915113e-01 4.583237330795510434e-01 4.858424473522607312e-02 9.429157719341361155e-01
4.583237330795510434e-01 6.214508923138416518e-01 5.120416060579157519e-02 9.938497109853461353e-01
6.214508923138416518e-01 8.426384751291882136e-01 5.449845259845959022e-02 1.060737122947197575e+00
8.426384751291882136e-01 1.142551420474046342e+00 5.616258050720296380e-02 1.093027102969276854e+00
1.142551420474046342e+00 1.549209758345204913e+00 5.545408148058404013e-02 1.079957035355393780e+00
1.549209758345204913e+00 2.100606443039755522e+00 5.333255654273596352e-02 1.038726118570962198e+00
2.100606443039755522e+00 2.848256928908980079e+00 5.045108476105588519e-02 9.830564942781675475e-01
2.848256928908980079e+00 3.862012115576700655e+00 4.776272975253554459e-02 9.307292938085582890e-01
3.862012115576700655e+00 5.236584322670087666e+00 4.541593102946046845e-02 8.849793753549873854e-01
5.236584322670087666e+00 7.100395997680434945e+00 4.384236627988606638e-02 8.541502980953514790e-01
7.100395997680434945e+00 9.627577867049382121e+00 4.286422980057825322e-02 8.350733355101024324e-01
9.627577867049382121e+00 1.305423748427261188e+01 4.242315238251725268e-02 8.262951974542297462e-01
1.305423748427261188e+01 1.770051810009568172e+01 4.212344259881296848e-02 8.202891439952905150e-01
1.770051810009568172e+01 2.400050875352008006e+01 4.181515097319749019e-02 8.137097614445274463e-01
2.400050875352008006e+01 3.254279999999999973e+01 4.059109695522297029e-02 7.886625827809014000e-01
