1.000000000000000056e-01 1.355921257095313026e-01 4.585722298812092146e-02 8.901078082831210825e-01
1.355921257095313026e-01 1.838522455442933856e-01 4.501293746034861626e-02 8.750453465878116344e-01
1.838522455442933856e-01 2.492891678982144810e-01 4.403796683914602828e-02 8.556925908049528573e-01
2.492891678982144810e-01 3.380164819167915113e-01 4.409519610074233431e-02 8.582047729741569819e-01
3.380164819167915113e-01 4.583237330795510434e-01 4.520188776530956187e-02 8.806157458607031252e-01
4.583237330795510434e-01 6.214508923138416518e-01 4.879167640223142088e-02 9.498750599848839737e-01
6.214508923138416518e-01 8.426384751291882136e-01 5.608456059092588319e-02 1.092337680687707424e+00
8.426384751291882136e-01 1.142551420474046342e+00 6.363768522491790314e-02 1.239613779473287769e+00
1.142551420474046342e+00 1.549209758345204913e+00 6.263781931644782364e-02 1.220372434574019893e+00
1.549209758345204913e+00 2.100606443039755522e+00 5.737017941634322410e-02 1.117960856510290091e+00
2.100606443039755522e+00 2.848256928908980079e+00 5.315394245474480001e-02 1.035882078472064594e+00
2.848256928908980079e+00 3.862012115576700655e+00 4.979976783507323451e-02 9.704445692905191434e-01
3.862012115576700655e+00 5.236584322670087666e+00 4.695611768606306607e-02 9.150798883400329542e-01
5.236584322670087666e+00 7.100395997680434945e+00 4.477160773005365441e-02 8.725738298752139244e-01
7.100395997680434945e+00 9.627577867049382121e+00 4.348506017127620055e-02 8.473468363225025168e-01
9.627577867049382121e+00 1.305423748427261188e+01 4.263715377971520615e-02 8.307896587931011823e-01
1.305423748427261188e+01 1.770051810009568172e+01 4.251785529866333735e-02 8.280843512145733554e-01
1.770051810009568172e+01 2.400050875352008006e+01 4.202737595851495367e-02 8.179641300150329863e-01
2.400050875352008006e+01 3.254279999999999973e+01 4.075537012348114801e-02 7.902877326192458973e-01
