1.000000000000000056e-01 1.355921257095313026e-01 6.205939516963294295e-02 1.202887990006406449e+00
1.355921257095313026e-01 1.838522455442933856e-01 6.056827161354740030e-02 1.172451576535928242e+00
1.838522455442933856e-01 2.492891678982144810e-01 5.934182948878179847e-02 1.149021765452448163e+00
2.492891678982144810e-01 3.380164819167915113e-01 5.755406101120418699e-02 1.117217382975748352e+00
3.380164819167915113e-01 4.583237330795510434e-01 5.720556370114939643e-02 1.110964254991265721e+00
4.583237330795510434e-01 6.214508923138416518e-01 5.856210211761116169e-02 1.139329366330328552e+00
6.214508923138416518e-01 8.426384751291882136e-01 5.992270854718623890e-02 1.166794075453457591e+00
8.426384751291882136e-01 1.142551420474046342e+00 5.819736788413620160e-02 1.134006693161128343e+00
1.142551420474046342e+00 1.549209758345204913e+00 5.860024494398048678e-02 1.142146015599718512e+00
1.549209758345204913e+00 2.100606443039755522e+00 5.657470712966358034e-02 1.102666454975254506e+00
2.100606443039755522e+00 2.848256928908980079e+00 5.349501716845309757e-02 1.042637214588006067e+00
2.848256928908980079e+00 3.862012115576700655e+00 5.046713313535428763e-02 9.836325242276214853e-01
3.862012115576700655e+00 5.236584322670087666e+00 4.710369695767240711e-02 9.180086679090617707e-01
5.236584322670087666e+00 7.100395997680434945e+00 4.468858759233122063e-02 8.708973558744970145e-01
7.100395997680434945e+00 9.627577867049382121e+00 4.315081825861132037e-02 8.408959568386146222e-01
9.627577867049382121e+00 1.305423748427261188e+01 4.218157898074065271e-02 8.219492564841313076e-01
1.305423748427261188e+01 1.770051810009568172e+01 4.153092416766918094e-02 8.091882368470867393e-01
1.770051810009568172e+01 2.400050875352008006e+01 4.087091557421913823e-02 7.960980752142933214e-01
2.400050875352008006e+01 3.254279999999999973e+01 3.938904359929423088e-02 7.661799075729766040e-01
