1.000000000000000056e-01 1.355921257095313026e-01 4.783908242920888870e-02 9.280780828199982624e-01
1.355921257095313026e-01 1.838522455442933856e-01 4.364118743691485641e-02 8.479235715561278530e-01
1.838522455442933856e-01 2.492891678982144810e-01 4.025809506243088060e-02 7.833197538532566950e-01
2.492891678982144810e-01 3.380164819167915113e-01 3.782767414429227121e-02 7.361175724373923979e-01
3.380164819167915113e-01 4.583237330795510434e-01 3.669476439046573391e-02 7.140740362698523302e-01
4.583237330795510434e-01 6.214508923138416518e-01 3.728904528439245386e-02 7.249937161659449902e-01
6.214508923138416518e-01 8.426384751291882136e-01 4.147169228151498938e-02 8.071387816503623469e-01
8.426384751291882136e-01 1.142551420474046342e+00 4.819652371832346821e-02 9.384448782799907907e-01
1.142551420474046342e+00 1.549209758345204913e+00 5.240764701538028897e-02 1.020880805394499102e+00
1.549209758345204913e+00 2.100606443039755522e+00 5.335413196918702833e-02 1.039544048524593700e+00
2.100606443039755522e+00 2.848256928908980079e+00 5.147433747330781156e-02 1.003202158432747071e+00
2.848256928908980079e+00 3.862012115576700655e+00 4.809714509805443350e-02 9.374450600964310265e-01
3.862012115576700655e+00 5.236584322670087666e+00 4.494115491734629320e-02 8.759091313259348421e-01
5.236584322670087666e+00 7.100395997680434945e+00 4.291232775131390009e-02 8.363350784110284986e-01
7.100395997680434945e+00 9.627577867049382121e+00 4.155911368128006877e-02 8.098228069458339728e-01
9.627577867049382121e+00 1.305423748427261188e+01 4.102725485825829688e-02 7.993940243593431472e-01
1.305423748427261188e+01 1.770051810009568172e+01 4.071727507346145636e-02 7.933875050204757251e-01
1.770051810009568172e+01 2.400050875352008006e+01 4.024372330116143121e-02 7.840175986091111326e-01
2.400050875352008006e+01 3.254279999999999973e+01 3.884892297237300951e-02 7.550615551575923234e-01
