1.000000000000000056e-01 1.355921257095313026e-01 5.110415112494907930e-02 9.888880884161033169e-01
1.355921257095313026e-01 1.838522455442933856e-01 4.687595390551256569e-02 9.097537444424387276e-01
1.838522455442933856e-01 2.492891678982144810e-01 4.357234163437294361e-02 8.446858368014137364e-01
2.492891678982144810e-01 3.380164819167915113e-01 4.128088565767155937e-02 8.022588930747694969e-01
3.380164819167915113e-01 4.583237330795510434e-01 4.093801413153377172e-02 7.954319365357497285e-01
4.583237330795510434e-01 6.214508923138416518e-01 4.337091880660703946e-02 8.431024045637518505e-01
6.214508923138416518e-01 8.426384751291882136e-01 4.938032940707720586e-02 9.615016060855949842e-01
8.426384751291882136e-01 1.142551420474046342e+00 5.639406418958905348e-02 1.098573113781968313e+00
1.142551420474046342e+00 1.549209758345204913e+00 6.069018776094743661e-02 1.182732603407298910e+00
1.549209758345204913e+00 2.100606443039755522e+00 5.813198156666711525e-02 1.132853264558159934e+00
2.100606443039755522e+00 2.848256928908980079e+00 5.346264687882825578e-02 1.042017462311336295e+00
2.848256928908980079e+00 3.862012115576700655e+00 4.917474201603775491e-02 9.584511661726902165e-01
3.862012115576700655e+00 5.236584322670087666e+00 4.633543232200865863e-02 9.030932898221663008e-01
5.236584322670087666e+00 7.100395997680434945e+00 4.430891309843892206e-02 8.635574664483026686e-01
7.100395997680434945e+00 9.627577867049382121e+00 4.289549112487180821e-02 8.360025321097622752e-01
9.627577867049382121e+00 1.305423748427261188e+01 4.211189390723735215e-02 8.205920401885409277e-01
1.305423748427261188e+01 1.770051810009568172e+01 4.172489621930149800e-02 8.127962205532573980e-01
1.770051810009568172e+01 2.400050875352008006e+01 4.112844091188653378e-02 8.006432683751039114e-01
2.400050875352008006e+01 3.254279999999999973e+01 3.978202692597331003e-02 7.728290114800608901e-01
