1.000000000000000056e-01 1.355921257095313026e-01 6.388358513362638047e-02 1.239458489802561791e+00
1.355921257095313026e-01 1.838522455442933856e-01 6.371731913492069410e-02 1.236349079552081731e+00
1.838522455442933856e-01 2.492891678982144810e-01 6.275503563833785547e-02 1.217687920199286511e+00
2.492891678982144810e-01 3.380164819167915113e-01 6.131566766729791562e-02 1.191771177986763020e+00
3.380164819167915113e-01 4.583237330795510434e-01 5.948282901247296806e-02 1.157520789170985553e+00
4.583237330795510434e-01 6.214508923138416518e-01 5.876498852296181685e-02 1.144005171587799907e+00
6.214508923138416518e-01 8.426384751291882136e-01 5.614820087563415774e-02 1.093402374156937862e+00
8.426384751291882136e-01 1.142551420474046342e+00 5.260399805981382654e-02 1.024542691005235540e+00
1.142551420474046342e+00 1.549209758345204913e+00 5.362687042841398494e-02 1.044840903426544232e+00
1.549209758345204913e+00 2.100606443039755522e+00 5.400485126605888975e-02 1.052455081889287936e+00
2.100606443039755522e+00 2.848256928908980079e+00 5.235213715906775200e-02 1.020327866732322786e+00
2.848256928908980079e+00 3.862012115576700655e+00 4.942261353622357661e-02 9.632343069702264948e-01
3.862012115576700655e+00 5.236584322670087666e+00 4.621346006823787156e-02 9.007137769017370399e-01
5.236584322670087666e+00 7.100395997680434945e+00 4.407741755098613934e-02 8.591152947609094204e-01
7.100395997680434945e+00 9.627577867049382121e+00 4.272170547911399024e-02 8.325536494768356333e-01
9.627577867049382121e+00 1.305423748427261188e+01 4.183017278920198034e-02 8.149496458103904217e-01
1.305423748427261188e+01 1.770051810009568172e+01 4.150374686852148498e-02 8.083767647605769602e-01
1.770051810009568172e+01 2.400050875352008006e+01 4.099159008158177048e-02 7.977135591633586209e-01
2.400050875352008006e+01 3.254279999999999973e+01 3.969899329212202288e-02 7.714808220429913987e-01
