1.000000000000000056e-01 1.355921257095313026e-01 7.577424145253254528e-02 1.471924273559611418e+00
1.355921257095313026e-01 1.838522455442933856e-01 6.860943517221121390e-02 1.334216245272744628e+00
1.838522455442933856e-01 2.492891678982144810e-01 6.152970569867727280e-02 1.194669557647124236e+00
2.492891678982144810e-01 3.380164819167915113e-01 5.554855424012943715e-02 1.080474301730570685e+00
3.380164819167915113e-01 4.583237330795510434e-01 4.973743990091675921e-02 9.666401727594823301e-01
4.583237330795510434e-01 6.214508923138416518e-01 4.317088028753318651e-02 8.397268862198344896e-01
6.214508923138416518e-01 8.426384751291882136e-01 3.739165552317665064e-02 7.277361468680776380e-01
8.426384751291882136e-01 1.142551420474046342e+00 4.164529712385087873e-02 8.108745480590288102e-01
1.142551420474046342e+00 1.549209758345204913e+00 4.992865827804032069e-02 9.724684605953424210e-01
1.549209758345204913e+00 2.100606443039755522e+00 5.300418874148578319e-02 1.032778877534030748e+00
2.100606443039755522e+00 2.848256928908980079e+00 5.109797025406526833e-02 9.956221067438962846e-01
2.848256928908980079e+00 3.862012115576700655e+00 4.774692363247149546e-02 9.302096782405727682e-01
3.862012115576700655e+00 5.236584322670087666e+00 4.558706721281319957e-02 8.883925933072730485e-01
5.236584322670087666e+00 7.100395997680434945e+00 4.358646387898116453e-02 8.493950106639601705e-01
7.100395997680434945e+00 9.627577867049382121e+00 4.258174482624216967e-02 8.295597640927342420e-01
9.627577867049382121e+00 1.305423748427261188e+01 4.192283412008650928e-02 8.162185253871403479e-01
1.305423748427261188e+01 1.770051810009568172e+01 4.192050569880870908e-02 8.158880235031764627e-01
1.770051810009568172e+01 2.400050875352008006e+01 4.159781651017557813e-02 8.088159519642658113e-01
2.400050875352008006e+01 3.254279999999999973e+01 4.061894921432356725e-02 7.858337103096396659e-01
