1.000000000000000056e-01 1.355921257095313026e-01 4.833571024343955025e-02 9.171543718302899162e-01
1.355921257095313026e-01 1.838522455442933856e-01 4.527768943403604612e-02 8.726235252211428373e-01
1.838522455442933856e-01 2.492891678982144810e-01 4.359124504689475266e-02 8.446223132772096021e-01
2.492891678982144810e-01 3.380164819167915113e-01 4.265178152708383463e-02 8.290446715501287311e-01
3.380164819167915113e-01 4.583237330795510434e-01 4.364274148308112944e-02 8.490558559271594863e-01
4.583237330795510434e-01 6.214508923138416518e-01 4.749683018140985619e-02 9.248358668699625529e-01
6.214508923138416518e-01 8.426384751291882136e-01 5.483859550245678144e-02 1.068265000736154491e+00
8.426384751291882136e-01 1.142551420474046342e+00 5.765515271051873530e-02 1.123458525669330133e+00
1.142551420474046342e+00 1.549209758345204913e+00 5.795361353012896261e-02 1.129399659177728665e+00
1.549209758345204913e+00 2.100606443039755522e+00 5.612542483127604120e-02 1.093815458889364267e+00
2.100606443039755522e+00 2.848256928908980079e+00 5.251715532809724668e-02 1.023627930886982673e+00
2.848256928908980079e+00 3.862012115576700655e+00 4.935868339341099864e-02 9.620525048745884877e-01
3.862012115576700655e+00 5.236584322670087666e+00 4.612588073537782218e-02 8.990043479104046220e-01
5.236584322670087666e+00 7.100395997680434945e+00 4.416586273216463465e-02 8.607706154469063620e-01
7.100395997680434945e+00 9.627577867049382121e+00 4.293215547649421177e-02 8.366177296351701154e-01
9.627577867049382121e+00 1.305423748427261188e+01 4.234897951197386795e-02 8.251213208472449878e-01
1.305423748427261188e+01 1.770051810009568172e+01 4.214032585109126622e-02 8.205922370856969517e-01
1.770051810009568172e+01 2.400050875352008006e+01 4.182946708335045366e-02 8.136091708272858991e-01
2.400050875352008006e+01 3.254279999999999973e+01 4.059525209444152932e-02 7.875535324121231140e-01
