1.000000000000000056e-01 1.355921257095313026e-01 7.983154872321383821e-02 1.544877260948770648e+00
1.355921257095313026e-01 1.838522455442933856e-01 7.102367027884477768e-02 1.378192337460906636e+00
1.838522455442933856e-01 2.492891678982144810e-01 6.404301065874770660e-02 1.243821108830079014e+00
2.492891678982144810e-01 3.380164819167915113e-01 5.819097122997576865e-02 1.128881816134302385e+00
3.380164819167915113e-01 4.583237330795510434e-01 5.379221295918047013e-02 1.045756733431120855e+00
4.583237330795510434e-01 6.214508923138416518e-01 5.139854939445508836e-02 9.995385689394273854e-01
6.214508923138416518e-01 8.426384751291882136e-01 5.026553892651030447e-02 9.786055517539782311e-01
8.426384751291882136e-01 1.142551420474046342e+00 5.314527199116543532e-02 1.035182824371649879e+00
1.142551420474046342e+00 1.549209758345204913e+00 5.682633247190690962e-02 1.107219070739991151e+00
1.549209758345204913e+00 2.100606443039755522e+00 5.585620046506181713e-02 1.088390234878459983e+00
2.100606443039755522e+00 2.848256928908980079e+00 5.293771712692996873e-02 1.031566766680198199e+00
2.848256928908980079e+00 3.862012115576700655e+00 4.963016803413095729e-02 9.672096702037564775e-01
3.862012115576700655e+00 5.236584322670087666e+00 4.650887695820006551e-02 9.063783905717528455e-01
5.236584322670087666e+00 7.100395997680434945e+00 4.437498169186793184e-02 8.648038765855617926e-01
7.100395997680434945e+00 9.627577867049382121e+00 4.305661387019639463e-02 8.388988906191083839e-01
9.627577867049382121e+00 1.305423748427261188e+01 4.213262755545801874e-02 8.207122197195151347e-01
1.305423748427261188e+01 1.770051810009568172e+01 4.187522469946838161e-02 8.149696582218889374e-01
1.770051810009568172e+01 2.400050875352008006e+01 4.136358584257856380e-02 8.044582264595757648e-01
2.400050875352008006e+01 3.254279999999999973e+01 3.988904060380643601e-02 7.731762070625672889e-01
