1.000000000000000056e-01 1.355921257095313026e-01 5.637670991179961205e-02 1.089373445495072534e+00
1.355921257095313026e-01 1.838522455442933856e-01 5.180943729195576497e-02 9.978941294281141738e-01
1.838522455442933856e-01 2.492891678982144810e-01 4.811094065186726637e-02 9.314099957466086543e-01
2.492891678982144810e-01 3.380164819167915113e-01 4.597494860702325270e-02 8.913279081308012053e-01
3.380164819167915113e-01 4.583237330795510434e-01 4.567932101255488958e-02 8.863319317312353673e-01
4.583237330795510434e-01 6.214508923138416518e-01 4.847754511723372656e-02 9.411017470565915533e-01
6.214508923138416518e-01 8.426384751291882136e-01 5.398481921875034756e-02 1.050343995643377992e+00
8.426384751291882136e-01 1.142551420474046342e+00 5.686184284520388182e-02 1.107398610565763386e+00
1.142551420474046342e+00 1.549209758345204913e+00 5.709925496149579477e-02 1.112490889359722068e+00
1.549209758345204913e+00 2.100606443039755522e+00 5.558842953302967071e-02 1.083292093956399915e+00
2.100606443039755522e+00 2.848256928908980079e+00 5.270894391927020278e-02 1.027300807597262278e+00
2.848256928908980079e+00 3.862012115576700655e+00 4.974945458332578202e-02 9.696994911179045440e-01
3.862012115576700655e+00 5.236584322670087666e+00 4.677476063171420728e-02 9.117485357259096368e-01
5.236584322670087666e+00 7.100395997680434945e+00 4.466527876949853010e-02 8.706325829189337506e-01
7.100395997680434945e+00 9.627577867049382121e+00 4.329920070205029586e-02 8.439886533586461459e-01
9.627577867049382121e+00 1.305423748427261188e+01 4.239539968988080554e-02 8.263559052157598561e-01
1.305423748427261188e+01 1.770051810009568172e+01 4.217336716854118428e-02 8.219811204464103627e-01
1.770051810009568172e+01 2.400050875352008006e+01 4.193446782834926029e-02 8.172000567528455717e-01
2.400050875352008006e+01 3.254279999999999973e+01 4.067964364955289208e-02 7.924028161492387978e-01
