1.000000000000000056e-01 1.355921257095313026e-01 5.668845836024187512e-02 1.091978673784654408e+00
1.355921257095313026e-01 1.838522455442933856e-01 5.279934511276253295e-02 1.025695348277373853e+00
1.838522455442933856e-01 2.492891678982144810e-01 5.034500806739967971e-02 9.764164116739829646e-01
2.492891678982144810e-01 3.380164819167915113e-01 4.823593071593898496e-02 9.362385575082284861e-01
3.380164819167915113e-01 4.583237330795510434e-01 4.749219176431311584e-02 9.223624101680620857e-01
4.583237330795510434e-01 6.214508923138416518e-01 4.903095945012521384e-02 9.544123383259234261e-01
6.214508923138416518e-01 8.426384751291882136e-01 5.185726067400347333e-02 1.009219309148532639e+00
8.426384751291882136e-01 1.142551420474046342e+00 5.481936138688136423e-02 1.067677784855095346e+00
1.142551420474046342e+00 1.549209758345204913e+00 5.660762184146660853e-02 1.102979906269617283e+00
1.549209758345204913e+00 2.100606443039755522e+00 5.531606191965767610e-02 1.078012583263685986e+00
2.100606443039755522e+00 2.848256928908980079e+00 5.242499540966102239e-02 1.021521080059882403e+00
2.848256928908980079e+00 3.862012115576700655e+00 4.907023713658302533e-02 9.561163460231997258e-01
3.862012115576700655e+00 5.236584322670087666e+00 4.601545331399239241e-02 8.964808333844844768e-01
5.236584322670087666e+00 7.100395997680434945e+00 4.395761295896779414e-02 8.564933868073190126e-01
7.100395997680434945e+00 9.627577867049382121e+00 4.272061764014867258e-02 8.322965755658231490e-01
9.627577867049382121e+00 1.305423748427261188e+01 4.198572569619229283e-02 8.178279530411453058e-01
1.305423748427261188e+01 1.770051810009568172e+01 4.180097763070393657e-02 8.139923826894742698e-01
1.770051810009568172e+01 2.400050875352008006e+01 4.125728201332642259e-02 8.030772923214692938e-01
2.400050875352008006e+01 3.254279999999999973e+01 3.976703696514373443e-02 7.724006162707043321e-01
