1.000000000000000056e-01 1.355921257095313026e-01 5.557682652297966236e-02 1.074582611917700437e+00
1.355921257095313026e-01 1.838522455442933856e-01 5.139269100790299499e-02 9.972077469386669835e-01
1.838522455442933856e-01 2.492891678982144810e-01 4.837779993044472038e-02 9.393990759209011054e-01
2.492891678982144810e-01 3.380164819167915113e-01 4.712134647628872519e-02 9.136609380834318506e-01
3.380164819167915113e-01 4.583237330795510434e-01 4.731197069225538676e-02 9.202883888060947593e-01
4.583237330795510434e-01 6.214508923138416518e-01 5.039205698584563187e-02 9.810141923021395982e-01
6.214508923138416518e-01 8.426384751291882136e-01 5.612532408897661501e-02 1.093040454873366318e+00
8.426384751291882136e-01 1.142551420474046342e+00 6.051044100263486269e-02 1.178621992412646868e+00
1.142551420474046342e+00 1.549209758345204913e+00 5.981718896490989534e-02 1.165345930845167688e+00
1.549209758345204913e+00 2.100606443039755522e+00 5.599674774570265190e-02 1.091274328769635149e+00
2.100606443039755522e+00 2.848256928908980079e+00 5.236635837544373340e-02 1.020500207894709854e+00
2.848256928908980079e+00 3.862012115576700655e+00 4.929743094148424792e-02 9.607201620559238098e-01
3.862012115576700655e+00 5.236584322670087666e+00 4.674594954692951748e-02 9.110124960772858493e-01
5.236584322670087666e+00 7.100395997680434945e+00 4.493931261304998787e-02 8.756889139611164774e-01
7.100395997680434945e+00 9.627577867049382121e+00 4.394332714991965039e-02 8.559887992246349997e-01
9.627577867049382121e+00 1.305423748427261188e+01 4.326843571954045592e-02 8.422881033924699556e-01
1.305423748427261188e+01 1.770051810009568172e+01 4.335233213386824325e-02 8.428149779127739327e-01
1.770051810009568172e+01 2.400050875352008006e+01 4.314522235820197199e-02 8.370677091663043523e-01
2.400050875352008006e+01 3.254279999999999973e+01 4.209263902889349984e-02 8.121943993586967503e-01
