1.000000000000000056e-01 1.355921257095313026e-01 6.311311056519006146e-02 1.225156462307530170e+00
1.355921257095313026e-01 1.838522455442933856e-01 6.230391176372247763e-02 1.210544825951325842e+00
1.838522455442933856e-01 2.492891678982144810e-01 6.142043289275216783e-02 1.192809035450542066e+00
2.492891678982144810e-01 3.380164819167915113e-01 5.931997866365943534e-02 1.154161258222442532e+00
3.380164819167915113e-01 4.583237330795510434e-01 5.608523843069021519e-02 1.090810946521396874e+00
4.583237330795510434e-01 6.214508923138416518e-01 4.950378702835621370e-02 9.639415496294654329e-01
6.214508923138416518e-01 8.426384751291882136e-01 4.737683793029281998e-02 9.227901192050588230e-01
8.426384751291882136e-01 1.142551420474046342e+00 5.205748906721024277e-02 1.014391819476359702e+00
1.142551420474046342e+00 1.549209758345204913e+00 5.606070115324408853e-02 1.092621401132320091e+00
1.549209758345204913e+00 2.100606443039755522e+00 5.576076559255613296e-02 1.086760907438459656e+00
2.100606443039755522e+00 2.848256928908980079e+00 5.303378733431582392e-02 1.033715929526045407e+00
2.848256928908980079e+00 3.862012115576700655e+00 5.002459349875600092e-02 9.750359317727604891e-01
3.862012115576700655e+00 5.236584322670087666e+00 4.674567321876924725e-02 9.111063154252929674e-01
5.236584322670087666e+00 7.100395997680434945e+00 4.439336882293754699e-02 8.651783119215917806e-01
7.100395997680434945e+00 9.627577867049382121e+00 4.293613199079401171e-02 8.367322546869825350e-01
9.627577867049382121e+00 1.305423748427261188e+01 4.187718642236806788e-02 8.160913986474834791e-01
1.305423748427261188e+01 1.770051810009568172e+01 4.138534810042931306e-02 8.062753407617625490e-01
1.770051810009568172e+01 2.400050875352008006e+01 4.081159692543850914e-02 7.949298368647023105e-01
2.400050875352008006e+01 3.254279999999999973e+01 3.923748700322204908e-02 7.634253633447561915e-01
