1.000000000000000056e-01 1.355921257095313026e-01 4.915015419164457666e-02 9.527161704177912194e-01
1.355921257095313026e-01 1.838522455442933856e-01 4.605070984926236399e-02 8.944766108519204284e-01
1.838522455442933856e-01 2.492891678982144810e-01 4.322659214290101859e-02 8.397807211356768109e-01
2.492891678982144810e-01 3.380164819167915113e-01 4.235478751261573249e-02 8.238138705502316972e-01
3.380164819167915113e-01 4.583237330795510434e-01 4.305870707878480669e-02 8.371775534252007267e-01
4.583237330795510434e-01 6.214508923138416518e-01 4.700901622165532673e-02 9.152244232180418715e-01
6.214508923138416518e-01 8.426384751291882136e-01 5.433066747289193310e-02 1.058098223892086853e+00
8.426384751291882136e-01 1.142551420474046342e+00 6.093759297725551832e-02 1.187098822514623286e+00
1.142551420474046342e+00 1.549209758345204913e+00 6.217317633756019868e-02 1.211505168929166265e+00
1.549209758345204913e+00 2.100606443039755522e+00 5.825894979105096516e-02 1.135429127078411815e+00
2.100606443039755522e+00 2.848256928908980079e+00 5.376457319683657782e-02 1.047955855264834035e+00
2.848256928908980079e+00 3.862012115576700655e+00 5.019592504250321163e-02 9.783979896844848811e-01
3.862012115576700655e+00 5.236584322670087666e+00 4.710101227373072325e-02 9.181046773627786761e-01
5.236584322670087666e+00 7.100395997680434945e+00 4.493830947539196458e-02 8.759706775350140084e-01
7.100395997680434945e+00 9.627577867049382121e+00 4.355879568194390150e-02 8.490562682342357448e-01
9.627577867049382121e+00 1.305423748427261188e+01 4.241322944174181347e-02 8.266775179445838839e-01
1.305423748427261188e+01 1.770051810009568172e+01 4.225739457964629991e-02 8.235340872290096703e-01
1.770051810009568172e+01 2.400050875352008006e+01 4.178257382388551877e-02 8.140937971782461480e-01
2.400050875352008006e+01 3.254279999999999973e+01 4.044476584444781087e-02 7.876689354594603731e-01
