1.000000000000000056e-01 1.355921257095313026e-01 3.908833181898648673e-02 7.613938249081444454e-01
1.355921257095313026e-01 1.838522455442933856e-01 4.016881391619861463e-02 7.809938051320255425e-01
1.838522455442933856e-01 2.492891678982144810e-01 4.109890747724605220e-02 7.993048820172293789e-01
2.492891678982144810e-01 3.380164819167915113e-01 4.233527817574236907e-02 8.240950019424506667e-01
3.380164819167915113e-01 4.583237330795510434e-01 4.387788308168052986e-02 8.545279462165542572e-01
4.583237330795510434e-01 6.214508923138416518e-01 4.638935163527462685e-02 9.031585667710806398e-01
6.214508923138416518e-01 8.426384751291882136e-01 5.131600153984523099e-02 9.993412695733496776e-01
8.426384751291882136e-01 1.142551420474046342e+00 5.607121526165644715e-02 1.092436584457033844e+00
1.142551420474046342e+00 1.549209758345204913e+00 5.783701673273157484e-02 1.126665201059052546e+00
1.549209758345204913e+00 2.100606443039755522e+00 5.647201891459568274e-02 1.100516924587170875e+00
2.100606443039755522e+00 2.848256928908980079e+00 5.308858186417663577e-02 1.034455208648035418e+00
2.848256928908980079e+00 3.862012115576700655e+00 4.880527295228750256e-02 9.509722942118205014e-01
3.862012115576700655e+00 5.236584322670087666e+00 4.578254566402579356e-02 8.921225244913298935e-01
5.236584322670087666e+00 7.100395997680434945e+00 4.344077673261382416e-02 8.465542812007770257e-01
7.100395997680434945e+00 9.627577867049382121e+00 4.200561504823240727e-02 8.185312315523849414e-01
9.627577867049382121e+00 1.305423748427261188e+01 4.096867270700156605e-02 7.983446137876136772e-01
1.305423748427261188e+01 1.770051810009568172e+01 4.062534193995852999e-02 7.914408729803212861e-01
1.770051810009568172e+01 2.400050875352008006e+01 4.002674838959339315e-02 7.791761904195255717e-01
2.400050875352008006e+01 3.254279999999999973e+01 3.861353012464341372e-02 7.505657708940213224e-01
