1.000000000000000056e-01 1.355921257095313026e-01 4.106026079684576419e-02 7.978556684325311954e-01
1.355921257095313026e-01 1.838522455442933856e-01 3.991488830161716433e-02 7.758499303597358177e-01
1.838522455442933856e-01 2.492891678982144810e-01 3.994559869604140390e-02 7.759958357631882020e-01
2.492891678982144810e-01 3.380164819167915113e-01 4.031104638832596482e-02 7.835650610902872293e-01
3.380164819167915113e-01 4.583237330795510434e-01 4.218848318940045250e-02 8.206924212444152156e-01
4.583237330795510434e-01 6.214508923138416518e-01 4.773750716817016376e-02 9.289440409269849042e-01
6.214508923138416518e-01 8.426384751291882136e-01 5.831109450828703827e-02 1.135219342335716863e+00
8.426384751291882136e-01 1.142551420474046342e+00 6.790345759161450778e-02 1.322581116942682433e+00
1.142551420474046342e+00 1.549209758345204913e+00 6.601564599034787095e-02 1.286135141903065771e+00
1.549209758345204913e+00 2.100606443039755522e+00 5.927604635381789749e-02 1.155236452670928671e+00
2.100606443039755522e+00 2.848256928908980079e+00 5.409535281513343924e-02 1.054055471447405967e+00
2.848256928908980079e+00 3.862012115576700655e+00 5.036461095451222336e-02 9.814395895824766791e-01
3.862012115576700655e+00 5.236584322670087666e+00 4.736016837145725494e-02 9.229325675026140985e-01
5.236584322670087666e+00 7.100395997680434945e+00 4.516872951899091049e-02 8.802159562123900161e-01
7.100395997680434945e+00 9.627577867049382121e+00 4.387415131676671021e-02 8.550188581450826053e-01
9.627577867049382121e+00 1.305423748427261188e+01 4.283163486855138397e-02 8.346369885080212603e-01
1.305423748427261188e+01 1.770051810009568172e+01 4.255863963383626353e-02 8.289984735399122950e-01
1.770051810009568172e+01 2.400050875352008006e+01 4.204347364391195635e-02 8.179738979780037944e-01
2.400050875352008006e+01 3.254279999999999973e+01 4.057411295545064467e-02 7.878798677240244075e-01
