1.000000000000000056e-01 1.355921257095313026e-01 4.172165131213489975e-02 8.104999631786756753e-01
1.355921257095313026e-01 1.838522455442933856e-01 4.088179620874330539e-02 7.942452229807318576e-01
1.838522455442933856e-01 2.492891678982144810e-01 4.035074749984991077e-02 7.840976653210759428e-01
2.492891678982144810e-01 3.380164819167915113e-01 4.082337261675456769e-02 7.938079317619216591e-01
3.380164819167915113e-01 4.583237330795510434e-01 4.280455233736563808e-02 8.333786340046812624e-01
4.583237330795510434e-01 6.214508923138416518e-01 4.756062163082117739e-02 9.261740478476109262e-01
6.214508923138416518e-01 8.426384751291882136e-01 5.548894748694912366e-02 1.080143222344633225e+00
8.426384751291882136e-01 1.142551420474046342e+00 6.240251352583858074e-02 1.215731322802173553e+00
1.142551420474046342e+00 1.549209758345204913e+00 6.279787220618815446e-02 1.223535918009906354e+00
1.549209758345204913e+00 2.100606443039755522e+00 5.828707098467016817e-02 1.135466734998682448e+00
2.100606443039755522e+00 2.848256928908980079e+00 5.341446837004710374e-02 1.040613874609592759e+00
2.848256928908980079e+00 3.862012115576700655e+00 4.978102592609521398e-02 9.700506914543611803e-01
3.862012115576700655e+00 5.236584322670087666e+00 4.658292646257101988e-02 9.076174041651673408e-01
5.236584322670087666e+00 7.100395997680434945e+00 4.444857685722709145e-02 8.659465066845509762e-01
7.100395997680434945e+00 9.627577867049382121e+00 4.317629642273029811e-02 8.411870204276207241e-01
9.627577867049382121e+00 1.305423748427261188e+01 4.229256843949796840e-02 8.236180872986751389e-01
1.305423748427261188e+01 1.770051810009568172e+01 4.193234862806718283e-02 8.161143915512192315e-01
1.770051810009568172e+01 2.400050875352008006e+01 4.130597594200665496e-02 8.030367236619161408e-01
2.400050875352008006e+01 3.254279999999999973e+01 3.965054149993284260e-02 7.694436591003320780e-01
