1.000000000000000056e-01 1.355921257095313026e-01 4.653389744056868338e-02 8.952158949576524138e-01
1.355921257095313026e-01 1.838522455442933856e-01 4.626660414292620149e-02 8.905676112669225208e-01
1.838522455442933856e-01 2.492891678982144810e-01 4.663422045025051449e-02 9.015031524943838415e-01
2.492891678982144810e-01 3.380164819167915113e-01 4.836741054249055899e-02 9.387334277519338022e-01
3.380164819167915113e-01 4.583237330795510434e-01 5.137541112814016098e-02 9.983804774295225171e-01
4.583237330795510434e-01 6.214508923138416518e-01 5.665959526580964523e-02 1.102191544928696532e+00
6.214508923138416518e-01 8.426384751291882136e-01 6.147209656799266370e-02 1.196973107116280577e+00
8.426384751291882136e-01 1.142551420474046342e+00 6.193784158456914352e-02 1.206047603860327833e+00
1.142551420474046342e+00 1.549209758345204913e+00 5.930739593440176316e-02 1.155056119440667439e+00
1.549209758345204913e+00 2.100606443039755522e+00 5.552178256842719289e-02 1.081818524768239920e+00
2.100606443039755522e+00 2.848256928908980079e+00 5.188075299272296159e-02 1.010572313502157593e+00
2.848256928908980079e+00 3.862012115576700655e+00 4.900576188296921348e-02 9.548632828633276670e-01
3.862012115576700655e+00 5.236584322670087666e+00 4.627829359943545773e-02 9.017664544672056026e-01
5.236584322670087666e+00 7.100395997680434945e+00 4.456741013099661114e-02 8.682409230667409439e-01
7.100395997680434945e+00 9.627577867049382121e+00 4.358948923533323416e-02 8.490039276740493079e-01
9.627577867049382121e+00 1.305423748427261188e+01 4.307918341829965886e-02 8.384484298405536773e-01
1.305423748427261188e+01 1.770051810009568172e+01 4.308389824487164621e-02 8.380083448213275776e-01
1.770051810009568172e+01 2.400050875352008006e+01 4.273699918764232303e-02 8.295549029082510684e-01
2.400050875352008006e+01 3.254279999999999973e+01 4.140344957743000848e-02 7.999203260503807700e-01
