1.000000000000000056e-01 1.355921257095313026e-01 5.596829023378505075e-02 1.084272356367442791e+00
1.355921257095313026e-01 1.838522455442933856e-01 5.144958076284682907e-02 9.969693411876199285e-01
1.838522455442933856e-01 2.492891678982144810e-01 4.788917871690057809e-02 9.309197189413352946e-01
2.492891678982144810e-01 3.380164819167915113e-01 4.581730200110439855e-02 8.905371557492643975e-01
3.380164819167915113e-01 4.583237330795510434e-01 4.529044236012395863e-02 8.809443828676114530e-01
4.583237330795510434e-01 6.214508923138416518e-01 4.798252767006967040e-02 9.338051658247975562e-01
6.214508923138416518e-01 8.426384751291882136e-01 5.446501333449906695e-02 1.060796281674073693e+00
8.426384751291882136e-01 1.142551420474046342e+00 6.179915272542250287e-02 1.203880810664148537e+00
1.142551420474046342e+00 1.549209758345204913e+00 6.174478680646263568e-02 1.203199655020551484e+00
1.549209758345204913e+00 2.100606443039755522e+00 5.759524272629579916e-02 1.122554114819756421e+00
2.100606443039755522e+00 2.848256928908980079e+00 5.336863173990234049e-02 1.040240088581409150e+00
2.848256928908980079e+00 3.862012115576700655e+00 5.035751749611145495e-02 9.815862236534829144e-01
3.862012115576700655e+00 5.236584322670087666e+00 4.725701368128581992e-02 9.211289802745111777e-01
5.236584322670087666e+00 7.100395997680434945e+00 4.531534293845710520e-02 8.832335806914218823e-01
7.100395997680434945e+00 9.627577867049382121e+00 4.394725783219204096e-02 8.565488465605075596e-01
9.627577867049382121e+00 1.305423748427261188e+01 4.284718404668388242e-02 8.350265132267414847e-01
1.305423748427261188e+01 1.770051810009568172e+01 4.291608497775518255e-02 8.361338126455822861e-01
1.770051810009568172e+01 2.400050875352008006e+01 4.275285888624771879e-02 8.322905874231616430e-01
2.400050875352008006e+01 3.254279999999999973e+01 4.167876777439061264e-02 8.100480121434712188e-01
