1.000000000000000056e-01 1.355921257095313026e-01 8.175335213549418667e-02 1.554449629931203392e+00
1.355921257095313026e-01 1.838522455442933856e-01 7.296623079129997691e-02 1.402803219277329205e+00
1.838522455442933856e-01 2.492891678982144810e-01 6.604064120856573128e-02 1.272699339721359735e+00
2.492891678982144810e-01 3.380164819167915113e-01 6.063903064412338312e-02 1.174976140049601492e+00
3.380164819167915113e-01 4.583237330795510434e-01 5.758760220301250427e-02 1.115602896717164061e+00
4.583237330795510434e-01 6.214508923138416518e-01 5.621496326341980654e-02 1.090072135385882879e+00
6.214508923138416518e-01 8.426384751291882136e-01 5.615848437750783906e-02 1.092766237731916279e+00
8.426384751291882136e-01 1.142551420474046342e+00 5.508053153487102449e-02 1.071949581539949570e+00
1.142551420474046342e+00 1.549209758345204913e+00 5.420611770839576377e-02 1.055092521808131734e+00
1.549209758345204913e+00 2.100606443039755522e+00 5.332107395612840917e-02 1.038512214445309390e+00
2.100606443039755522e+00 2.848256928908980079e+00 5.110088554904026331e-02 9.957361742016538342e-01
2.848256928908980079e+00 3.862012115576700655e+00 4.865419618829253806e-02 9.480888144870915912e-01
3.862012115576700655e+00 5.236584322670087666e+00 4.594363977866668808e-02 8.950846681290175466e-01
5.236584322670087666e+00 7.100395997680434945e+00 4.398946032397987177e-02 8.571159351112170866e-01
7.100395997680434945e+00 9.627577867049382121e+00 4.282569049236453762e-02 8.342516453039569013e-01
9.627577867049382121e+00 1.305423748427261188e+01 4.212721146808667133e-02 8.203952117802284505e-01
1.305423748427261188e+01 1.770051810009568172e+01 4.188685907560938532e-02 8.148927462789269383e-01
1.770051810009568172e+01 2.400050875352008006e+01 4.128943732278355511e-02 8.020449937410304431e-01
2.400050875352008006e+01 3.254279999999999973e+01 3.977801164931154404e-02 7.678487063986931815e-01
