1.000000000000000056e-01 1.355921257095313026e-01 5.275916040263887996e-02 1.013354527391302273e+00
1.355921257095313026e-01 1.838522455442933856e-01 5.007999809204606578e-02 9.686414659997112375e-01
1.838522455442933856e-01 2.492891678982144810e-01 4.992775754184006209e-02 9.669416010052396260e-01
2.492891678982144810e-01 3.380164819167915113e-01 5.046505095515012307e-02 9.802770165067857810e-01
3.380164819167915113e-01 4.583237330795510434e-01 5.400225122887632873e-02 1.051181033829266420e+00
4.583237330795510434e-01 6.214508923138416518e-01 5.960775130920307335e-02 1.160481524477240844e+00
6.214508923138416518e-01 8.426384751291882136e-01 6.395770081827151232e-02 1.245175957131337663e+00
8.426384751291882136e-01 1.142551420474046342e+00 6.449303496834379867e-02 1.256613400515466106e+00
1.142551420474046342e+00 1.549209758345204913e+00 6.173734490763654881e-02 1.202968701680348085e+00
1.549209758345204913e+00 2.100606443039755522e+00 5.738037228073799428e-02 1.117981479256040966e+00
2.100606443039755522e+00 2.848256928908980079e+00 5.331950216322954572e-02 1.038725155002860223e+00
2.848256928908980079e+00 3.862012115576700655e+00 5.010923186358971076e-02 9.760444713194882382e-01
3.862012115576700655e+00 5.236584322670087666e+00 4.715793196401572157e-02 9.183928778389908176e-01
5.236584322670087666e+00 7.100395997680434945e+00 4.506137323504281339e-02 8.775478433330726746e-01
7.100395997680434945e+00 9.627577867049382121e+00 4.374795501511487966e-02 8.517858698908907789e-01
9.627577867049382121e+00 1.305423748427261188e+01 4.285109232060625717e-02 8.339933992635500948e-01
1.305423748427261188e+01 1.770051810009568172e+01 4.248313258278585414e-02 8.257390395651986736e-01
1.770051810009568172e+01 2.400050875352008006e+01 4.186294310109255762e-02 8.126057496544863978e-01
2.400050875352008006e+01 3.254279999999999973e+01 4.049132482260309196e-02 7.815210342803778909e-01
