1.000000000000000056e-01 1.355921257095313026e-01 7.025933332896391881e-02 1.360414022851886617e+00
1.355921257095313026e-01 1.838522455442933856e-01 6.467444391339804977e-02 1.253590139481603805e+00
1.838522455442933856e-01 2.492891678982144810e-01 6.004951622196092603e-02 1.166442551615340495e+00
2.492891678982144810e-01 3.380164819167915113e-01 5.581999097765433931e-02 1.084708686918313569e+00
3.380164819167915113e-01 4.583237330795510434e-01 5.279018407521639256e-02 1.024886226027245328e+00
4.583237330795510434e-01 6.214508923138416518e-01 5.145450192608379270e-02 1.000522250746626041e+00
6.214508923138416518e-01 8.426384751291882136e-01 5.238594579331579820e-02 1.019737032868049509e+00
8.426384751291882136e-01 1.142551420474046342e+00 5.153323933055285744e-02 1.003025753996004354e+00
1.142551420474046342e+00 1.549209758345204913e+00 5.095837838006438830e-02 9.922668031912685871e-01
1.549209758345204913e+00 2.100606443039755522e+00 5.086225094359952265e-02 9.907426725776624643e-01
2.100606443039755522e+00 2.848256928908980079e+00 5.000264039592907522e-02 9.744299146734133332e-01
2.848256928908980079e+00 3.862012115576700655e+00 4.772644150897134563e-02 9.302259876397792615e-01
3.862012115576700655e+00 5.236584322670087666e+00 4.535697118916061366e-02 8.840935489697608896e-01
5.236584322670087666e+00 7.100395997680434945e+00 4.333224574408720692e-02 8.446478661342329275e-01
7.100395997680434945e+00 9.627577867049382121e+00 4.198103022423042840e-02 8.182913381646891304e-01
9.627577867049382121e+00 1.305423748427261188e+01 4.123180889050176434e-02 8.036546146557597137e-01
1.305423748427261188e+01 1.770051810009568172e+01 4.098935901126644910e-02 7.988927009821666925e-01
1.770051810009568172e+01 2.400050875352008006e+01 4.049300460668944779e-02 7.890879802819963373e-01
2.400050875352008006e+01 3.254279999999999973e+01 3.898204597025387713e-02 7.595354633288332602e-01
