1.000000000000000056e-01 1.355921257095313026e-01 5.341307516873261552e-02 1.033443970238516085e+00
1.355921257095313026e-01 1.838522455442933856e-01 4.953420550382517384e-02 9.618137414008607333e-01
1.838522455442933856e-01 2.492891678982144810e-01 4.686265043530993962e-02 9.111922279715414241e-01
2.492891678982144810e-01 3.380164819167915113e-01 4.517983219084526630e-02 8.788347460015253354e-01
3.380164819167915113e-01 4.583237330795510434e-01 4.506620729248144580e-02 8.770633992163846537e-01
4.583237330795510434e-01 6.214508923138416518e-01 4.781745738147018948e-02 9.312787038760105274e-01
6.214508923138416518e-01 8.426384751291882136e-01 5.392667614060144693e-02 1.050692543663957812e+00
8.426384751291882136e-01 1.142551420474046342e+00 5.833873223080875137e-02 1.136465505992712011e+00
1.142551420474046342e+00 1.549209758345204913e+00 5.843582629749347751e-02 1.138774258766623193e+00
1.549209758345204913e+00 2.100606443039755522e+00 5.610823056549921195e-02 1.093374201164000192e+00
2.100606443039755522e+00 2.848256928908980079e+00 5.311044639677804657e-02 1.034935444138901595e+00
2.848256928908980079e+00 3.862012115576700655e+00 4.944315487003692750e-02 9.636675299349215518e-01
3.862012115576700655e+00 5.236584322670087666e+00 4.653824684589487337e-02 9.070534963637910675e-01
5.236584322670087666e+00 7.100395997680434945e+00 4.431072159756509199e-02 8.636900433051495352e-01
7.100395997680434945e+00 9.627577867049382121e+00 4.296814946533161067e-02 8.375266279629564048e-01
9.627577867049382121e+00 1.305423748427261188e+01 4.202911014135642109e-02 8.191522909636004268e-01
1.305423748427261188e+01 1.770051810009568172e+01 4.159962422615246652e-02 8.106382489998528174e-01
1.770051810009568172e+01 2.400050875352008006e+01 4.102647635361114653e-02 7.991497266002843824e-01
2.400050875352008006e+01 3.254279999999999973e+01 3.994400979853029998e-02 7.768069405617128442e-01
