1.000000000000000056e-01 1.355921257095313026e-01 6.108578903035825208e-02 1.165453180851893977e+00
1.355921257095313026e-01 1.838522455442933856e-01 5.525483966633979588e-02 1.065067509561271386e+00
1.838522455442933856e-01 2.492891678982144810e-01 5.169869474501369994e-02 9.985003012435222924e-01
2.492891678982144810e-01 3.380164819167915113e-01 4.930071856219371551e-02 9.563021575354750947e-01
3.380164819167915113e-01 4.583237330795510434e-01 4.895106614473595380e-02 9.522653592192700245e-01
4.583237330795510434e-01 6.214508923138416518e-01 5.232732799531418511e-02 1.018797805630725861e+00
6.214508923138416518e-01 8.426384751291882136e-01 5.896224746938551198e-02 1.148952966669302134e+00
8.426384751291882136e-01 1.142551420474046342e+00 6.073063741371585028e-02 1.183405810096822774e+00
1.142551420474046342e+00 1.549209758345204913e+00 5.864626860191569230e-02 1.142928709836737333e+00
1.549209758345204913e+00 2.100606443039755522e+00 5.599523063292571878e-02 1.091388989542812826e+00
2.100606443039755522e+00 2.848256928908980079e+00 5.260804998222251561e-02 1.025434159876533746e+00
2.848256928908980079e+00 3.862012115576700655e+00 4.977305899304876324e-02 9.701810667417661849e-01
3.862012115576700655e+00 5.236584322670087666e+00 4.648277185526905608e-02 9.060151425921686430e-01
5.236584322670087666e+00 7.100395997680434945e+00 4.453786624944888056e-02 8.680745713355002557e-01
7.100395997680434945e+00 9.627577867049382121e+00 4.324881489514970090e-02 8.429317088425422044e-01
9.627577867049382121e+00 1.305423748427261188e+01 4.244752771088077664e-02 8.272147824826000528e-01
1.305423748427261188e+01 1.770051810009568172e+01 4.206598687934971770e-02 8.196743949072979873e-01
1.770051810009568172e+01 2.400050875352008006e+01 4.166864660159581846e-02 8.112790226959034623e-01
2.400050875352008006e+01 3.254279999999999973e+01 4.053333002366114185e-02 7.883855137256349233e-01
