1.000000000000000056e-01 1.355921257095313026e-01 7.930573386283094883e-02 1.529950479097006877e+00
1.355921257095313026e-01 1.838522455442933856e-01 7.207190985335680533e-02 1.388234710857800147e+00
1.838522455442933856e-01 2.492891678982144810e-01 6.468293729448480744e-02 1.250050991406816969e+00
2.492891678982144810e-01 3.380164819167915113e-01 5.946819025935234926e-02 1.150481042109455121e+00
3.380164819167915113e-01 4.583237330795510434e-01 5.433318153697191261e-02 1.054941175726878066e+00
4.583237330795510434e-01 6.214508923138416518e-01 5.108206038065606081e-02 9.914243858560871647e-01
6.214508923138416518e-01 8.426384751291882136e-01 5.018480343262406856e-02 9.764740091563598456e-01
8.426384751291882136e-01 1.142551420474046342e+00 5.150798718866777398e-02 1.003077206044282077e+00
1.142551420474046342e+00 1.549209758345204913e+00 5.329608420355828186e-02 1.038512889529646932e+00
1.549209758345204913e+00 2.100606443039755522e+00 5.264208726038113739e-02 1.025979252796905827e+00
2.100606443039755522e+00 2.848256928908980079e+00 5.039612432275004245e-02 9.819842757094330299e-01
2.848256928908980079e+00 3.862012115576700655e+00 4.783415589636274418e-02 9.321669845825455436e-01
3.862012115576700655e+00 5.236584322670087666e+00 4.541989943513425471e-02 8.851554944941096847e-01
5.236584322670087666e+00 7.100395997680434945e+00 4.383255604386654403e-02 8.540787993380446474e-01
7.100395997680434945e+00 9.627577867049382121e+00 4.296022612335037572e-02 8.369770353547825170e-01
9.627577867049382121e+00 1.305423748427261188e+01 4.253421519937321260e-02 8.283601849181064791e-01
1.305423748427261188e+01 1.770051810009568172e+01 4.260156005616693581e-02 8.292783212699830209e-01
1.770051810009568172e+01 2.400050875352008006e+01 4.227042470933944918e-02 8.205339011518919534e-01
2.400050875352008006e+01 3.254279999999999973e+01 4.117376522766496433e-02 7.928151854871685611e-01
