1.000000000000000056e-01 1.355921257095313026e-01 4.482476964888894994e-02 8.706028545453387002e-01
1.355921257095313026e-01 1.838522455442933856e-01 4.240647373915406443e-02 8.241813552564778433e-01
1.838522455442933856e-01 2.492891678982144810e-01 4.000859242057377280e-02 7.780759370477422499e-01
2.492891678982144810e-01 3.380164819167915113e-01 3.829929270105482397e-02 7.440229535017633955e-01
3.380164819167915113e-01 4.583237330795510434e-01 3.718414076215099257e-02 7.225560544699302090e-01
4.583237330795510434e-01 6.214508923138416518e-01 3.746340881783286059e-02 7.284125639190238699e-01
6.214508923138416518e-01 8.426384751291882136e-01 3.921455723061594706e-02 7.628039921654771183e-01
8.426384751291882136e-01 1.142551420474046342e+00 4.193684511448032837e-02 8.161625647068859735e-01
1.142551420474046342e+00 1.549209758345204913e+00 4.626804910006537125e-02 9.010038732971227260e-01
1.549209758345204913e+00 2.100606443039755522e+00 5.161391802360225378e-02 1.004650531010586434e+00
2.100606443039755522e+00 2.848256928908980079e+00 5.474245463469073342e-02 1.065678157679116334e+00
2.848256928908980079e+00 3.862012115576700655e+00 5.199568645184603211e-02 1.012547649690153762e+00
3.862012115576700655e+00 5.236584322670087666e+00 4.679049494941550646e-02 9.116042871546433668e-01
5.236584322670087666e+00 7.100395997680434945e+00 4.316013839500282973e-02 8.410687206645541814e-01
7.100395997680434945e+00 9.627577867049382121e+00 4.126564074150854827e-02 8.041945061801419881e-01
9.627577867049382121e+00 1.305423748427261188e+01 4.027146992935869141e-02 7.848239127183117558e-01
1.305423748427261188e+01 1.770051810009568172e+01 3.986269281880829712e-02 7.766974907098249670e-01
1.770051810009568172e+01 2.400050875352008006e+01 3.919230581670427038e-02 7.634418965173096483e-01
2.400050875352008006e+01 3.254279999999999973e+01 3.745488917803687506e-02 7.294396023893412462e-01
