1.000000000000000056e-01 1.355921257095313026e-01 5.121187494497709408e-02 9.766747181714149351e-01
1.355921257095313026e-01 1.838522455442933856e-01 4.641006917787750263e-02 8.886481338562081111e-01
1.838522455442933856e-01 2.492891678982144810e-01 4.355317903500083992e-02 8.405428250566094883e-01
2.492891678982144810e-01 3.380164819167915113e-01 4.251856943705906167e-02 8.228099542775101360e-01
3.380164819167915113e-01 4.583237330795510434e-01 4.344493920060183562e-02 8.440878171229765359e-01
4.583237330795510434e-01 6.214508923138416518e-01 4.714269815405433550e-02 9.174482748323298242e-01
6.214508923138416518e-01 8.426384751291882136e-01 5.441249086078144004e-02 1.059894491171514241e+00
8.426384751291882136e-01 1.142551420474046342e+00 5.810124414228035744e-02 1.132182404092442862e+00
1.142551420474046342e+00 1.549209758345204913e+00 5.772955529022082144e-02 1.124876175513302323e+00
1.549209758345204913e+00 2.100606443039755522e+00 5.620836058614051001e-02 1.095167021185844636e+00
2.100606443039755522e+00 2.848256928908980079e+00 5.254916254172152523e-02 1.024204246296090082e+00
2.848256928908980079e+00 3.862012115576700655e+00 4.873085654315269244e-02 9.497553107888542234e-01
3.862012115576700655e+00 5.236584322670087666e+00 4.607602630151498568e-02 8.980223546212405816e-01
5.236584322670087666e+00 7.100395997680434945e+00 4.411312350283635303e-02 8.597570301753995059e-01
7.100395997680434945e+00 9.627577867049382121e+00 4.301617736823949018e-02 8.383583301714877534e-01
9.627577867049382121e+00 1.305423748427261188e+01 4.230565491018088015e-02 8.243097204762155350e-01
1.305423748427261188e+01 1.770051810009568172e+01 4.200333762047740727e-02 8.182896814744555769e-01
1.770051810009568172e+01 2.400050875352008006e+01 4.164979082394806853e-02 8.107982446675451316e-01
2.400050875352008006e+01 3.254279999999999973e+01 4.088131153662328404e-02 7.945267543769566343e-01
