1.000000000000000056e-01 1.355921257095313026e-01 5.249375180399824814e-02 1.020406042670250812e+00
1.355921257095313026e-01 1.838522455442933856e-01 5.124742840953414730e-02 9.974728651770319310e-01
1.838522455442933856e-01 2.492891678982144810e-01 5.014416457130246862e-02 9.765375532804511094e-01
2.492891678982144810e-01 3.380164819167915113e-01 4.940438920530038081e-02 9.620537925877007401e-01
3.380164819167915113e-01 4.583237330795510434e-01 4.828908553030331063e-02 9.404864723118718794e-01
4.583237330795510434e-01 6.214508923138416518e-01 4.756755474798066846e-02 9.264409407415375997e-01
6.214508923138416518e-01 8.426384751291882136e-01 4.826706918767111748e-02 9.395840053025914518e-01
8.426384751291882136e-01 1.142551420474046342e+00 5.362035140181645870e-02 1.044253901995067180e+00
1.142551420474046342e+00 1.549209758345204913e+00 5.596685635030129724e-02 1.090043621554211306e+00
1.549209758345204913e+00 2.100606443039755522e+00 5.475443405178002237e-02 1.066742520223529000e+00
2.100606443039755522e+00 2.848256928908980079e+00 5.229693348329465113e-02 1.019065233946348403e+00
2.848256928908980079e+00 3.862012115576700655e+00 4.955806008334327772e-02 9.658049808646156364e-01
3.862012115576700655e+00 5.236584322670087666e+00 4.609529791400868159e-02 8.982482905789971328e-01
5.236584322670087666e+00 7.100395997680434945e+00 4.393462578421505893e-02 8.562036905526324571e-01
7.100395997680434945e+00 9.627577867049382121e+00 4.247622496324058444e-02 8.277709714311866085e-01
9.627577867049382121e+00 1.305423748427261188e+01 4.146050955204765021e-02 8.078873874541572242e-01
1.305423748427261188e+01 1.770051810009568172e+01 4.114030453052270470e-02 8.012914174370099341e-01
1.770051810009568172e+01 2.400050875352008006e+01 4.065678351154571046e-02 7.911273042751141293e-01
2.400050875352008006e+01 3.254279999999999973e+01 3.898627784102526306e-02 7.559841234633096763e-01
