1.000000000000000056e-01 1.355921257095313026e-01 6.073365889084901548e-02 1.178964053058668027e+00
1.355921257095313026e-01 1.838522455442933856e-01 5.894846709347448949e-02 1.143250484785254262e+00
1.838522455442933856e-01 2.492891678982144810e-01 5.606712687810329332e-02 1.088323425585582704e+00
2.492891678982144810e-01 3.380164819167915113e-01 5.459339461829021412e-02 1.060903674786191297e+00
3.380164819167915113e-01 4.583237330795510434e-01 5.358880471671372686e-02 1.041297301148974563e+00
4.583237330795510434e-01 6.214508923138416518e-01 5.423418022452917986e-02 1.055654865518542485e+00
6.214508923138416518e-01 8.426384751291882136e-01 5.468028469201000052e-02 1.065305481626974915e+00
8.426384751291882136e-01 1.142551420474046342e+00 5.830094361606294462e-02 1.135708575748850091e+00
1.142551420474046342e+00 1.549209758345204913e+00 5.963123085014169350e-02 1.161767504618437252e+00
1.549209758345204913e+00 2.100606443039755522e+00 5.654514645132233813e-02 1.101958462952350226e+00
2.100606443039755522e+00 2.848256928908980079e+00 5.314108505427901641e-02 1.035617498623131905e+00
2.848256928908980079e+00 3.862012115576700655e+00 4.997481744139425919e-02 9.738140846591731847e-01
3.862012115576700655e+00 5.236584322670087666e+00 4.710289085280836702e-02 9.178704075576862298e-01
5.236584322670087666e+00 7.100395997680434945e+00 4.496330865090522599e-02 8.761013408297017024e-01
7.100395997680434945e+00 9.627577867049382121e+00 4.371510154390552405e-02 8.515299938786546896e-01
9.627577867049382121e+00 1.305423748427261188e+01 4.278306836739452501e-02 8.333898669831778516e-01
1.305423748427261188e+01 1.770051810009568172e+01 4.262698504567374869e-02 8.298807685370338527e-01
1.770051810009568172e+01 2.400050875352008006e+01 4.224541968957851862e-02 8.215171438467598897e-01
2.400050875352008006e+01 3.254279999999999973e+01 4.109195373944512369e-02 7.945646379738414700e-01
