1.000000000000000056e-01 1.355921257095313026e-01 7.211634819372164662e-02 1.398552926575103106e+00
1.355921257095313026e-01 1.838522455442933856e-01 6.969037652824043583e-02 1.350283771715235615e+00
1.838522455442933856e-01 2.492891678982144810e-01 6.717430308895289137e-02 1.304068676711115149e+00
2.492891678982144810e-01 3.380164819167915113e-01 6.439098055936375020e-02 1.251057653447702700e+00
3.380164819167915113e-01 4.583237330795510434e-01 6.073273143140655445e-02 1.180842722539612977e+00
4.583237330795510434e-01 6.214508923138416518e-01 5.602696624441757395e-02 1.089122531578117004e+00
6.214508923138416518e-01 8.426384751291882136e-01 4.869697408525607008e-02 9.474555096130297116e-01
8.426384751291882136e-01 1.142551420474046342e+00 4.403413269829879739e-02 8.571620742327545894e-01
1.142551420474046342e+00 1.549209758345204913e+00 4.444820856383073504e-02 8.656206516941613582e-01
1.549209758345204913e+00 2.100606443039755522e+00 4.732928846593545402e-02 9.221294379169300282e-01
2.100606443039755522e+00 2.848256928908980079e+00 4.858383654774621474e-02 9.465609433397345063e-01
2.848256928908980079e+00 3.862012115576700655e+00 4.661053624647124027e-02 9.080360768864971233e-01
3.862012115576700655e+00 5.236584322670087666e+00 4.465782977478539167e-02 8.702103098938787085e-01
5.236584322670087666e+00 7.100395997680434945e+00 4.264835299091974952e-02 8.308066234878820344e-01
7.100395997680434945e+00 9.627577867049382121e+00 4.167695805336241177e-02 8.116467242082532341e-01
9.627577867049382121e+00 1.305423748427261188e+01 4.100102907912495098e-02 7.984349136448316564e-01
1.305423748427261188e+01 1.770051810009568172e+01 4.094113511192111476e-02 7.965125124036116500e-01
1.770051810009568172e+01 2.400050875352008006e+01 4.051003773101483074e-02 7.879809514895231848e-01
2.400050875352008006e+01 3.254279999999999973e+01 3.910702682591071788e-02 7.567397213673037193e-01
