1.000000000000000056e-01 1.355921257095313026e-01 5.661580229430101391e-02 1.099636919457058770e+00
1.355921257095313026e-01 1.838522455442933856e-01 5.242883358821039119e-02 1.017289636527131114e+00
1.838522455442933856e-01 2.492891678982144810e-01 4.918683865881526979e-02 9.549799288731447566e-01
2.492891678982144810e-01 3.380164819167915113e-01 4.644727761271712912e-02 9.015747498029603735e-01
3.380164819167915113e-01 4.583237330795510434e-01 4.552145046408216655e-02 8.848084256726496122e-01
4.583237330795510434e-01 6.214508923138416518e-01 4.721719646117854274e-02 9.182077205012485477e-01
6.214508923138416518e-01 8.426384751291882136e-01 5.239778173574826531e-02 1.020268219087600015e+00
8.426384751291882136e-01 1.142551420474046342e+00 5.694931200493485307e-02 1.109770828516885244e+00
1.142551420474046342e+00 1.549209758345204913e+00 5.802854620108873623e-02 1.130610243761724032e+00
1.549209758345204913e+00 2.100606443039755522e+00 5.567472127691515393e-02 1.084757708878022253e+00
2.100606443039755522e+00 2.848256928908980079e+00 5.289459281097583926e-02 1.030741398080365689e+00
2.848256928908980079e+00 3.862012115576700655e+00 4.964252667142560194e-02 9.674594189274543510e-01
3.862012115576700655e+00 5.236584322670087666e+00 4.647154777038714490e-02 9.056713447629609615e-01
5.236584322670087666e+00 7.100395997680434945e+00 4.411721242941306353e-02 8.596727034332397599e-01
7.100395997680434945e+00 9.627577867049382121e+00 4.261902949950704955e-02 8.303007198744482009e-01
9.627577867049382121e+00 1.305423748427261188e+01 4.161897867236976495e-02 8.107326671021113373e-01
1.305423748427261188e+01 1.770051810009568172e+01 4.111268211053149824e-02 8.005436731251946991e-01
1.770051810009568172e+01 2.400050875352008006e+01 4.059853857113015357e-02 7.899485425291183915e-01
2.400050875352008006e+01 3.254279999999999973e+01 3.910262468469318659e-02 7.597885255290941497e-01
