1.000000000000000056e-01 1.355921257095313026e-01 3.534992703632789529e-02 6.854980982683174240e-01
1.355921257095313026e-01 1.838522455442933856e-01 3.778211958730610942e-02 7.331636464866174707e-01
1.838522455442933856e-01 2.492891678982144810e-01 4.030469175362630385e-02 7.841253902104181606e-01
2.492891678982144810e-01 3.380164819167915113e-01 4.335079910304395767e-02 8.429147528342177953e-01
3.380164819167915113e-01 4.583237330795510434e-01 4.791941826181277120e-02 9.326120840212901442e-01
4.583237330795510434e-01 6.214508923138416518e-01 5.463474872302754443e-02 1.063793471931097745e+00
6.214508923138416518e-01 8.426384751291882136e-01 6.376407035895514941e-02 1.242387623843346667e+00
8.426384751291882136e-01 1.142551420474046342e+00 7.191282622969726035e-02 1.400668814144229390e+00
1.142551420474046342e+00 1.549209758345204913e+00 6.686387493987917818e-02 1.303040809264709887e+00
1.549209758345204913e+00 2.100606443039755522e+00 6.028427687547856934e-02 1.174976000982268953e+00
2.100606443039755522e+00 2.848256928908980079e+00 5.527943482955909732e-02 1.077473136506298390e+00
2.848256928908980079e+00 3.862012115576700655e+00 5.143474605073732053e-02 1.002554172859238868e+00
3.862012115576700655e+00 5.236584322670087666e+00 4.801676365182623585e-02 9.358084872635917817e-01
5.236584322670087666e+00 7.100395997680434945e+00 4.565117706994144958e-02 8.896629861856281130e-01
7.100395997680434945e+00 9.627577867049382121e+00 4.396771918228450232e-02 8.568405292635922210e-01
9.627577867049382121e+00 1.305423748427261188e+01 4.285075228942984704e-02 8.348176649512077940e-01
1.305423748427261188e+01 1.770051810009568172e+01 4.238458941784811057e-02 8.252700200562633759e-01
1.770051810009568172e+01 2.400050875352008006e+01 4.181928643851076655e-02 8.134419727056159122e-01
2.400050875352008006e+01 3.254279999999999973e+01 4.054936014629032665e-02 7.855658978219609567e-01
