1.000000000000000056e-01 1.355921257095313026e-01 5.357936715202460398e-02 1.038365254394527870e+00
1.355921257095313026e-01 1.838522455442933856e-01 5.337900304938848761e-02 1.037992326624276984e+00
1.838522455442933856e-01 2.492891678982144810e-01 5.332484306852051936e-02 1.036669617953482003e+00
2.492891678982144810e-01 3.380164819167915113e-01 5.315577311947800726e-02 1.033858121047666057e+00
3.380164819167915113e-01 4.583237330795510434e-01 5.311174001902294745e-02 1.033870659264637171e+00
4.583237330795510434e-01 6.214508923138416518e-01 5.377635782191314551e-02 1.046672131611208867e+00
6.214508923138416518e-01 8.426384751291882136e-01 5.472877051542642673e-02 1.065037931167111429e+00
8.426384751291882136e-01 1.142551420474046342e+00 5.349259082629501810e-02 1.040745480160264247e+00
1.142551420474046342e+00 1.549209758345204913e+00 5.126383254719463212e-02 9.979019693236300670e-01
1.549209758345204913e+00 2.100606443039755522e+00 5.013378197470499259e-02 9.765164306630955693e-01
2.100606443039755522e+00 2.848256928908980079e+00 4.922596892748647840e-02 9.593181277688095365e-01
2.848256928908980079e+00 3.862012115576700655e+00 4.735886920607802059e-02 9.231443847412181825e-01
3.862012115576700655e+00 5.236584322670087666e+00 4.508527314307577555e-02 8.788080380807113956e-01
5.236584322670087666e+00 7.100395997680434945e+00 4.318602801771289496e-02 8.417539863986565063e-01
7.100395997680434945e+00 9.627577867049382121e+00 4.216477985622649194e-02 8.218743161703815359e-01
9.627577867049382121e+00 1.305423748427261188e+01 4.150036958987075170e-02 8.088859740840479429e-01
1.305423748427261188e+01 1.770051810009568172e+01 4.130234194467999331e-02 8.049853821947728916e-01
1.770051810009568172e+01 2.400050875352008006e+01 4.101378554985711522e-02 7.991814704253096258e-01
2.400050875352008006e+01 3.254279999999999973e+01 3.978809794529575977e-02 7.749342844898546856e-01
