1.000000000000000056e-01 1.355921257095313026e-01 4.308040603341528607e-02 8.352332258139346655e-01
1.355921257095313026e-01 1.838522455442933856e-01 4.318923652605780039e-02 8.388968745862234178e-01
1.838522455442933856e-01 2.492891678982144810e-01 4.353055903897266876e-02 8.447242547703739390e-01
2.492891678982144810e-01 3.380164819167915113e-01 4.345327180901432940e-02 8.443109502145487166e-01
3.380164819167915113e-01 4.583237330795510434e-01 4.419190975022820739e-02 8.601003868944557817e-01
4.583237330795510434e-01 6.214508923138416518e-01 4.646252970585895009e-02 9.044469557594835285e-01
6.214508923138416518e-01 8.426384751291882136e-01 5.146237360934038246e-02 1.002165161681273009e+00
8.426384751291882136e-01 1.142551420474046342e+00 5.588289559659790490e-02 1.088404506029067687e+00
1.142551420474046342e+00 1.549209758345204913e+00 5.646263145591766397e-02 1.099914901447019089e+00
1.549209758345204913e+00 2.100606443039755522e+00 5.462663873702410661e-02 1.064629276473000763e+00
2.100606443039755522e+00 2.848256928908980079e+00 5.140852840311108812e-02 1.001886556774870929e+00
2.848256928908980079e+00 3.862012115576700655e+00 4.851343958233873821e-02 9.455709456423652126e-01
3.862012115576700655e+00 5.236584322670087666e+00 4.539205749601164103e-02 8.847615609232573064e-01
5.236584322670087666e+00 7.100395997680434945e+00 4.346301473398495735e-02 8.471144575737271643e-01
7.100395997680434945e+00 9.627577867049382121e+00 4.219863942237975230e-02 8.223981259608117433e-01
9.627577867049382121e+00 1.305423748427261188e+01 4.158850681946164168e-02 8.102957667418140275e-01
1.305423748427261188e+01 1.770051810009568172e+01 4.147453638214990829e-02 8.078830696869098160e-01
1.770051810009568172e+01 2.400050875352008006e+01 4.107422848000755189e-02 7.999765159892250344e-01
2.400050875352008006e+01 3.254279999999999973e+01 3.950366756436114041e-02 7.679623150050393088e-01
