1.000000000000000056e-01 1.355921257095313026e-01 6.453884533184070516e-02 1.243080736225138150e+00
1.355921257095313026e-01 1.838522455442933856e-01 6.062267646932986698e-02 1.164669673883145018e+00
1.838522455442933856e-01 2.492891678982144810e-01 5.629231555853386748e-02 1.090440189423871775e+00
2.492891678982144810e-01 3.380164819167915113e-01 5.424898783499065846e-02 1.052751370522034380e+00
3.380164819167915113e-01 4.583237330795510434e-01 5.353839450452688165e-02 1.041411213085973619e+00
4.583237330795510434e-01 6.214508923138416518e-01 5.567912795171955226e-02 1.083534913617090867e+00
6.214508923138416518e-01 8.426384751291882136e-01 5.849233586099809173e-02 1.138788636819625832e+00
8.426384751291882136e-01 1.142551420474046342e+00 5.815848631780558969e-02 1.133414321344407893e+00
1.142551420474046342e+00 1.549209758345204913e+00 5.531141007139449284e-02 1.077907056403414998e+00
1.549209758345204913e+00 2.100606443039755522e+00 5.314065887910668362e-02 1.035435604180606317e+00
2.100606443039755522e+00 2.848256928908980079e+00 5.035399310416822927e-02 9.810205741327410189e-01
2.848256928908980079e+00 3.862012115576700655e+00 4.777771414022104202e-02 9.310403114119677470e-01
3.862012115576700655e+00 5.236584322670087666e+00 4.562757134764883898e-02 8.891210350966989306e-01
5.236584322670087666e+00 7.100395997680434945e+00 4.406346513194499964e-02 8.586477305449149444e-01
7.100395997680434945e+00 9.627577867049382121e+00 4.324674710331492117e-02 8.426631365630266046e-01
9.627577867049382121e+00 1.305423748427261188e+01 4.275291271932304960e-02 8.326817543912498065e-01
1.305423748427261188e+01 1.770051810009568172e+01 4.254743249099558061e-02 8.282613107225568205e-01
1.770051810009568172e+01 2.400050875352008006e+01 4.230085303451212170e-02 8.221621175926642211e-01
2.400050875352008006e+01 3.254279999999999973e+01 4.123582537612890953e-02 7.991779985627345262e-01
