1.000000000000000056e-01 1.355921257095313026e-01 6.335371656046688560e-02 1.225559497919293861e+00
1.355921257095313026e-01 1.838522455442933856e-01 6.002981233785192883e-02 1.159795574897785508e+00
1.838522455442933856e-01 2.492891678982144810e-01 5.739834215662782679e-02 1.111664502288085776e+00
2.492891678982144810e-01 3.380164819167915113e-01 5.515310494510172745e-02 1.071034081658961190e+00
3.380164819167915113e-01 4.583237330795510434e-01 5.340379968867531996e-02 1.036930104771232708e+00
4.583237330795510434e-01 6.214508923138416518e-01 5.383444139772794457e-02 1.046957799566927250e+00
6.214508923138416518e-01 8.426384751291882136e-01 5.480386160822955238e-02 1.066391241033477932e+00
8.426384751291882136e-01 1.142551420474046342e+00 5.418313079589683057e-02 1.054419809082953741e+00
1.142551420474046342e+00 1.549209758345204913e+00 5.258350261869861736e-02 1.023508170733567368e+00
1.549209758345204913e+00 2.100606443039755522e+00 5.124539715772997994e-02 9.985513088471246190e-01
2.100606443039755522e+00 2.848256928908980079e+00 4.968139127161370211e-02 9.681498870115224920e-01
2.848256928908980079e+00 3.862012115576700655e+00 4.726681654308041020e-02 9.211676474150070071e-01
3.862012115576700655e+00 5.236584322670087666e+00 4.525954145473379264e-02 8.820909920681632155e-01
5.236584322670087666e+00 7.100395997680434945e+00 4.346687948028947479e-02 8.471029188454742842e-01
7.100395997680434945e+00 9.627577867049382121e+00 4.249114346112946305e-02 8.279888777754512708e-01
9.627577867049382121e+00 1.305423748427261188e+01 4.203220806479558008e-02 8.188378847173831687e-01
1.305423748427261188e+01 1.770051810009568172e+01 4.204825709550721879e-02 8.188799070068923935e-01
1.770051810009568172e+01 2.400050875352008006e+01 4.177244377591259050e-02 8.130051454371544084e-01
2.400050875352008006e+01 3.254279999999999973e+01 4.074781053370330614e-02 7.909657649115817701e-01
