1.000000000000000056e-01 1.355921257095313026e-01 4.085700702153327590e-02 7.891815394954067031e-01
1.355921257095313026e-01 1.838522455442933856e-01 4.082665600015385199e-02 7.899728206444766032e-01
1.838522455442933856e-01 2.492891678982144810e-01 4.136041086976047915e-02 8.004580287079221534e-01
2.492891678982144810e-01 3.380164819167915113e-01 4.200556331224707812e-02 8.157988761126121480e-01
3.380164819167915113e-01 4.583237330795510434e-01 4.471958901983892620e-02 8.692760110473227719e-01
4.583237330795510434e-01 6.214508923138416518e-01 4.997959403286993812e-02 9.729970024121769034e-01
6.214508923138416518e-01 8.426384751291882136e-01 5.919831827865772861e-02 1.153151847812537767e+00
8.426384751291882136e-01 1.142551420474046342e+00 6.586201507293228119e-02 1.283037351877310384e+00
1.142551420474046342e+00 1.549209758345204913e+00 6.480743529204011089e-02 1.262735004278225714e+00
1.549209758345204913e+00 2.100606443039755522e+00 6.045919362191876784e-02 1.178340151927215196e+00
2.100606443039755522e+00 2.848256928908980079e+00 5.561494651300585845e-02 1.083921649565847911e+00
2.848256928908980079e+00 3.862012115576700655e+00 5.145417469447452485e-02 1.002890565433730785e+00
3.862012115576700655e+00 5.236584322670087666e+00 4.780826147339559129e-02 9.318756117448897536e-01
5.236584322670087666e+00 7.100395997680434945e+00 4.553052145969595232e-02 8.874559412518538970e-01
7.100395997680434945e+00 9.627577867049382121e+00 4.381736125457350028e-02 8.540391772753536115e-01
9.627577867049382121e+00 1.305423748427261188e+01 4.240570353626858108e-02 8.264560599446433287e-01
1.305423748427261188e+01 1.770051810009568172e+01 4.216221184563149343e-02 8.216555885148569827e-01
1.770051810009568172e+01 2.400050875352008006e+01 4.169995743950433847e-02 8.123708075063059697e-01
2.400050875352008006e+01 3.254279999999999973e+01 4.019094512111731632e-02 7.823500941515226792e-01
