1.000000000000000056e-01 1.355921257095313026e-01 5.317454138045143303e-02 1.011562623986422826e+00
1.355921257095313026e-01 1.838522455442933856e-01 4.978381718336309658e-02 9.577341632769637014e-01
1.838522455442933856e-01 2.492891678982144810e-01 4.869222482249398187e-02 9.396353122791770707e-01
2.492891678982144810e-01 3.380164819167915113e-01 4.828306029113556275e-02 9.348341944597829967e-01
3.380164819167915113e-01 4.583237330795510434e-01 5.020826288860715664e-02 9.744506389268646762e-01
4.583237330795510434e-01 6.214508923138416518e-01 5.530868938009106395e-02 1.075987622663752585e+00
6.214508923138416518e-01 8.426384751291882136e-01 6.039746975649150362e-02 1.175777268753742444e+00
8.426384751291882136e-01 1.142551420474046342e+00 6.194743069296040211e-02 1.206289186573684891e+00
1.142551420474046342e+00 1.549209758345204913e+00 5.959169504991778527e-02 1.160812221963263280e+00
1.549209758345204913e+00 2.100606443039755522e+00 5.590055364114995123e-02 1.089223569139722292e+00
2.100606443039755522e+00 2.848256928908980079e+00 5.237089963208680504e-02 1.020540401713403877e+00
2.848256928908980079e+00 3.862012115576700655e+00 4.929228804066118630e-02 9.603856900553033871e-01
3.862012115576700655e+00 5.236584322670087666e+00 4.676883266251537219e-02 9.111920698862452372e-01
5.236584322670087666e+00 7.100395997680434945e+00 4.487031833449293267e-02 8.743132364464251127e-01
7.100395997680434945e+00 9.627577867049382121e+00 4.389850186777901481e-02 8.553478199547746019e-01
9.627577867049382121e+00 1.305423748427261188e+01 4.339928741047769517e-02 8.453997355706143191e-01
1.305423748427261188e+01 1.770051810009568172e+01 4.335825809988313323e-02 8.442791758965738635e-01
1.770051810009568172e+01 2.400050875352008006e+01 4.316215153615800271e-02 8.391332020518852408e-01
2.400050875352008006e+01 3.254279999999999973e+01 4.190360633861418133e-02 8.104716509369278565e-01
