1.000000000000000056e-01 1.355921257095313026e-01 7.854874498898550828e-02 1.518771427258087225e+00
1.355921257095313026e-01 1.838522455442933856e-01 7.597779577021486486e-02 1.475065107644693896e+00
1.838522455442933856e-01 2.492891678982144810e-01 7.276225401268657245e-02 1.406424661835777856e+00
2.492891678982144810e-01 3.380164819167915113e-01 6.869286926478687660e-02 1.332440863860156144e+00
3.380164819167915113e-01 4.583237330795510434e-01 6.437811774705304302e-02 1.251940865090991117e+00
4.583237330795510434e-01 6.214508923138416518e-01 6.013901501449719217e-02 1.167728309098042150e+00
6.214508923138416518e-01 8.426384751291882136e-01 5.471603670289548055e-02 1.063889177476137871e+00
8.426384751291882136e-01 1.142551420474046342e+00 5.109274695666968236e-02 9.943701046093795792e-01
1.142551420474046342e+00 1.549209758345204913e+00 5.100756841685391563e-02 9.935404318219018815e-01
1.549209758345204913e+00 2.100606443039755522e+00 5.182480942368405258e-02 1.009885041204667822e+00
2.100606443039755522e+00 2.848256928908980079e+00 5.139656591077727127e-02 1.001474643988888413e+00
2.848256928908980079e+00 3.862012115576700655e+00 4.936534431183375177e-02 9.620262390097953364e-01
3.862012115576700655e+00 5.236584322670087666e+00 4.631666561377106861e-02 9.025308567688518080e-01
5.236584322670087666e+00 7.100395997680434945e+00 4.396835114255137622e-02 8.566158235945487975e-01
7.100395997680434945e+00 9.627577867049382121e+00 4.240826127301275394e-02 8.261506371378855018e-01
9.627577867049382121e+00 1.305423748427261188e+01 4.143955143353100778e-02 8.071586966062331836e-01
1.305423748427261188e+01 1.770051810009568172e+01 4.100983487269446726e-02 7.984540714667236472e-01
1.770051810009568172e+01 2.400050875352008006e+01 4.041778446483283022e-02 7.861854321602597118e-01
2.400050875352008006e+01 3.254279999999999973e+01 3.871744899138861856e-02 7.524003296808354779e-01
