1.000000000000000056e-01 1.355921257095313026e-01 6.144737971290221284e-02 1.192356919184830222e+00
1.355921257095313026e-01 1.838522455442933856e-01 5.660773360235948903e-02 1.099258929101929683e+00
1.838522455442933856e-01 2.492891678982144810e-01 5.316091798972800986e-02 1.034389719484649195e+00
2.492891678982144810e-01 3.380164819167915113e-01 5.014702487725793828e-02 9.738393634324399306e-01
3.380164819167915113e-01 4.583237330795510434e-01 4.803926507498158804e-02 9.343922294398397943e-01
4.583237330795510434e-01 6.214508923138416518e-01 4.867749541787199513e-02 9.477535813757229644e-01
6.214508923138416518e-01 8.426384751291882136e-01 5.112094418517530714e-02 9.954825043391887229e-01
8.426384751291882136e-01 1.142551420474046342e+00 5.578574169149989187e-02 1.086498771932462359e+00
1.142551420474046342e+00 1.549209758345204913e+00 5.826077074706723785e-02 1.134934259605750784e+00
1.549209758345204913e+00 2.100606443039755522e+00 5.644139145261601459e-02 1.099740152112697267e+00
2.100606443039755522e+00 2.848256928908980079e+00 5.327597980550372730e-02 1.038295497321044758e+00
2.848256928908980079e+00 3.862012115576700655e+00 5.001677500881358818e-02 9.748185388033921983e-01
3.862012115576700655e+00 5.236584322670087666e+00 4.711488323690928015e-02 9.181927286896697238e-01
5.236584322670087666e+00 7.100395997680434945e+00 4.487522715361076664e-02 8.745671637997973757e-01
7.100395997680434945e+00 9.627577867049382121e+00 4.346975666148448353e-02 8.471122563102070346e-01
9.627577867049382121e+00 1.305423748427261188e+01 4.228337662659067270e-02 8.239077175248401552e-01
1.305423748427261188e+01 1.770051810009568172e+01 4.205045141618649757e-02 8.189893590025248971e-01
1.770051810009568172e+01 2.400050875352008006e+01 4.157306069567804491e-02 8.088165339422853650e-01
2.400050875352008006e+01 3.254279999999999973e+01 4.016588022010635778e-02 7.804912854577223946e-01
