1.000000000000000056e-01 1.355921257095313026e-01 2.619800568792618120e-02 5.054475771319197897e-01
1.355921257095313026e-01 1.838522455442933856e-01 2.776098879687778284e-02 5.374275858938378780e-01
1.838522455442933856e-01 2.492891678982144810e-01 3.020682119021271192e-02 5.849080696048137851e-01
2.492891678982144810e-01 3.380164819167915113e-01 3.321428312572709263e-02 6.459441499337092996e-01
3.380164819167915113e-01 4.583237330795510434e-01 3.741224114954581209e-02 7.280195809307716814e-01
4.583237330795510434e-01 6.214508923138416518e-01 4.337201591109823146e-02 8.446880123627926729e-01
6.214508923138416518e-01 8.426384751291882136e-01 5.098912430920583827e-02 9.932172333263530328e-01
8.426384751291882136e-01 1.142551420474046342e+00 5.778744891041478343e-02 1.126111757188904550e+00
1.142551420474046342e+00 1.549209758345204913e+00 6.268212999875323599e-02 1.221418534593024630e+00
1.549209758345204913e+00 2.100606443039755522e+00 5.995054659628668708e-02 1.168209112814986961e+00
2.100606443039755522e+00 2.848256928908980079e+00 5.376602606540657747e-02 1.047604896029290300e+00
2.848256928908980079e+00 3.862012115576700655e+00 4.889436601100011215e-02 9.528754675253120476e-01
3.862012115576700655e+00 5.236584322670087666e+00 4.608097808440406173e-02 8.980872928876287853e-01
5.236584322670087666e+00 7.100395997680434945e+00 4.410830446751223821e-02 8.595809827984279838e-01
7.100395997680434945e+00 9.627577867049382121e+00 4.305341858200537053e-02 8.389465208021291698e-01
9.627577867049382121e+00 1.305423748427261188e+01 4.246914746544560443e-02 8.276192779183478843e-01
1.305423748427261188e+01 1.770051810009568172e+01 4.234038152310827530e-02 8.246895639166024194e-01
1.770051810009568172e+01 2.400050875352008006e+01 4.193155907731210830e-02 8.158069695736068772e-01
2.400050875352008006e+01 3.254279999999999973e+01 4.069428667220303247e-02 7.896257541917161005e-01
