1.000000000000000056e-01 1.355921257095313026e-01 5.203106013999680979e-02 1.004844759185102410e+00
1.355921257095313026e-01 1.838522455442933856e-01 4.751687561865151205e-02 9.238579753937147254e-01
1.838522455442933856e-01 2.492891678982144810e-01 4.434622552714516386e-02 8.610995048878568037e-01
2.492891678982144810e-01 3.380164819167915113e-01 4.227094119803204153e-02 8.225142091754414908e-01
3.380164819167915113e-01 4.583237330795510434e-01 4.190009764487324928e-02 8.151987525959337733e-01
4.583237330795510434e-01 6.214508923138416518e-01 4.464172421822090037e-02 8.693705062448638943e-01
6.214508923138416518e-01 8.426384751291882136e-01 5.052588541914086046e-02 9.843726791598053083e-01
8.426384751291882136e-01 1.142551420474046342e+00 5.509545812874355741e-02 1.073538880399287576e+00
1.142551420474046342e+00 1.549209758345204913e+00 5.850248850012509244e-02 1.140061838561531538e+00
1.549209758345204913e+00 2.100606443039755522e+00 5.607788193007694905e-02 1.092854702883009566e+00
2.100606443039755522e+00 2.848256928908980079e+00 5.180612286579177467e-02 1.009697497502924701e+00
2.848256928908980079e+00 3.862012115576700655e+00 4.840103544933190699e-02 9.434016563209211004e-01
3.862012115576700655e+00 5.236584322670087666e+00 4.596492176407378227e-02 8.958718228065618572e-01
5.236584322670087666e+00 7.100395997680434945e+00 4.423127273595498649e-02 8.620957066810319702e-01
7.100395997680434945e+00 9.627577867049382121e+00 4.295737551110529601e-02 8.371717598973029695e-01
9.627577867049382121e+00 1.305423748427261188e+01 4.237793252958806794e-02 8.258156863200371012e-01
1.305423748427261188e+01 1.770051810009568172e+01 4.194563550106500394e-02 8.172129233890760291e-01
1.770051810009568172e+01 2.400050875352008006e+01 4.150550045232474089e-02 8.082360214061351522e-01
2.400050875352008006e+01 3.254279999999999973e+01 4.041606300344773722e-02 7.853742654816885382e-01
