1.000000000000000056e-01 1.355921257095313026e-01 5.095734756511710595e-02 9.803364679287528416e-01
1.355921257095313026e-01 1.838522455442933856e-01 4.857723699534206852e-02 9.424268540265663407e-01
1.838522455442933856e-01 2.492891678982144810e-01 4.765055631196697672e-02 9.247771295454262352e-01
2.492891678982144810e-01 3.380164819167915113e-01 4.760073802255988806e-02 9.253567475120687558e-01
3.380164819167915113e-01 4.583237330795510434e-01 4.982125065573500544e-02 9.694022246624350858e-01
4.583237330795510434e-01 6.214508923138416518e-01 5.595685259998733896e-02 1.090128367210980498e+00
6.214508923138416518e-01 8.426384751291882136e-01 6.378005774628611735e-02 1.242404879202251289e+00
8.426384751291882136e-01 1.142551420474046342e+00 6.774691352464068395e-02 1.320160884032607562e+00
1.142551420474046342e+00 1.549209758345204913e+00 6.388498815681553644e-02 1.244854182754572491e+00
1.549209758345204913e+00 2.100606443039755522e+00 5.917804420603497983e-02 1.153318354467160578e+00
2.100606443039755522e+00 2.848256928908980079e+00 5.483628629812968558e-02 1.068749076262683007e+00
2.848256928908980079e+00 3.862012115576700655e+00 5.114016364847181334e-02 9.967038585047948152e-01
3.862012115576700655e+00 5.236584322670087666e+00 4.787457362973947944e-02 9.330347262429914412e-01
5.236584322670087666e+00 7.100395997680434945e+00 4.560000884607372934e-02 8.885564925691333826e-01
7.100395997680434945e+00 9.627577867049382121e+00 4.403155713315214798e-02 8.578730139773226293e-01
9.627577867049382121e+00 1.305423748427261188e+01 4.301349553291597405e-02 8.376867054794370215e-01
1.305423748427261188e+01 1.770051810009568172e+01 4.252254972950413048e-02 8.277095155417704131e-01
1.770051810009568172e+01 2.400050875352008006e+01 4.198838953204193924e-02 8.162340980207600794e-01
2.400050875352008006e+01 3.254279999999999973e+01 4.091410471352001366e-02 7.920643341325341868e-01
