1.000000000000000056e-01 1.355921257095313026e-01 7.890624265421780636e-02 1.530917308269040378e+00
1.355921257095313026e-01 1.838522455442933856e-01 7.354923096044370390e-02 1.428999230958419853e+00
1.838522455442933856e-01 2.492891678982144810e-01 6.885660463138378040e-02 1.339371801167045906e+00
2.492891678982144810e-01 3.380164819167915113e-01 6.362000925594933631e-02 1.238259130558752474e+00
3.380164819167915113e-01 4.583237330795510434e-01 5.893916546968732545e-02 1.146162368859465097e+00
4.583237330795510434e-01 6.214508923138416518e-01 5.512248942519004657e-02 1.072163131787686963e+00
6.214508923138416518e-01 8.426384751291882136e-01 5.087610591678219663e-02 9.898560850081695728e-01
8.426384751291882136e-01 1.142551420474046342e+00 4.900711398347428610e-02 9.545881231117682164e-01
1.142551420474046342e+00 1.549209758345204913e+00 5.186743551125505558e-02 1.010757855629989432e+00
1.549209758345204913e+00 2.100606443039755522e+00 5.348895025806410519e-02 1.042524429242554618e+00
2.100606443039755522e+00 2.848256928908980079e+00 5.263645264535576213e-02 1.025866812538836603e+00
2.848256928908980079e+00 3.862012115576700655e+00 4.969086324590474973e-02 9.685434273424119445e-01
3.862012115576700655e+00 5.236584322670087666e+00 4.665878422887544813e-02 9.093636850884362355e-01
5.236584322670087666e+00 7.100395997680434945e+00 4.426866009425872023e-02 8.627264414432335160e-01
7.100395997680434945e+00 9.627577867049382121e+00 4.267878557391543287e-02 8.316560009572405709e-01
9.627577867049382121e+00 1.305423748427261188e+01 4.165062734410301948e-02 8.113863529532209240e-01
1.305423748427261188e+01 1.770051810009568172e+01 4.097848078295997926e-02 7.981232976050753880e-01
1.770051810009568172e+01 2.400050875352008006e+01 4.018017328661561971e-02 7.822730305012469687e-01
2.400050875352008006e+01 3.254279999999999973e+01 3.868292347346004301e-02 7.522323227540813617e-01
