1.000000000000000056e-01 1.355921257095313026e-01 5.004877841664313876e-02 9.644514393456824486e-01
1.355921257095313026e-01 1.838522455442933856e-01 4.904360537470694309e-02 9.452475518280840650e-01
1.838522455442933856e-01 2.492891678982144810e-01 4.891050313046556991e-02 9.476130807030717085e-01
2.492891678982144810e-01 3.380164819167915113e-01 4.880151649910133976e-02 9.466814504314507994e-01
3.380164819167915113e-01 4.583237330795510434e-01 5.123169495863178630e-02 9.961762604476281924e-01
4.583237330795510434e-01 6.214508923138416518e-01 5.635949825482498149e-02 1.097813524824476250e+00
6.214508923138416518e-01 8.426384751291882136e-01 6.151987498865344600e-02 1.198002405478174603e+00
8.426384751291882136e-01 1.142551420474046342e+00 6.301431075442252838e-02 1.227469867252856783e+00
1.142551420474046342e+00 1.549209758345204913e+00 6.141530359801865985e-02 1.196757320013226433e+00
1.549209758345204913e+00 2.100606443039755522e+00 5.741617605931430973e-02 1.118806602311414267e+00
2.100606443039755522e+00 2.848256928908980079e+00 5.350781802547060345e-02 1.042727434029330214e+00
2.848256928908980079e+00 3.862012115576700655e+00 4.982482282402673351e-02 9.710722170290378985e-01
3.862012115576700655e+00 5.236584322670087666e+00 4.685115443234127985e-02 9.130264556636934481e-01
5.236584322670087666e+00 7.100395997680434945e+00 4.461967846216481626e-02 8.695045207687795985e-01
7.100395997680434945e+00 9.627577867049382121e+00 4.321393082605944763e-02 8.420551367974515866e-01
9.627577867049382121e+00 1.305423748427261188e+01 4.233565057157166744e-02 8.247453806206620497e-01
1.305423748427261188e+01 1.770051810009568172e+01 4.180987042381582169e-02 8.140587735336216602e-01
1.770051810009568172e+01 2.400050875352008006e+01 4.107644082550624548e-02 7.985220453629718884e-01
2.400050875352008006e+01 3.254279999999999973e+01 3.973045271727172062e-02 7.690951617129710982e-01
