1.000000000000000056e-01 1.355921257095313026e-01 5.630068099705484719e-02 1.083371967679970682e+00
1.355921257095313026e-01 1.838522455442933856e-01 5.171501166733039750e-02 9.973113566659935758e-01
1.838522455442933856e-01 2.492891678982144810e-01 4.853302710039641282e-02 9.406786124215124056e-01
2.492891678982144810e-01 3.380164819167915113e-01 4.723475388438427153e-02 9.148488403374869238e-01
3.380164819167915113e-01 4.583237330795510434e-01 4.765514318190815224e-02 9.259847927452604655e-01
4.583237330795510434e-01 6.214508923138416518e-01 5.066871294276469040e-02 9.847116649610444528e-01
6.214508923138416518e-01 8.426384751291882136e-01 5.570047429505736725e-02 1.083253706669421446e+00
8.426384751291882136e-01 1.142551420474046342e+00 5.991455264618901488e-02 1.165883893113162539e+00
1.142551420474046342e+00 1.549209758345204913e+00 6.022335942747582271e-02 1.172838937655610092e+00
1.549209758345204913e+00 2.100606443039755522e+00 5.731881667828021831e-02 1.116125182928153992e+00
2.100606443039755522e+00 2.848256928908980079e+00 5.320223452574880663e-02 1.036290117032217628e+00
2.848256928908980079e+00 3.862012115576700655e+00 4.979901581067764510e-02 9.702717591330418667e-01
3.862012115576700655e+00 5.236584322670087666e+00 4.690133729171031690e-02 9.137140728708815773e-01
5.236584322670087666e+00 7.100395997680434945e+00 4.489991758384147963e-02 8.746616478523739913e-01
7.100395997680434945e+00 9.627577867049382121e+00 4.357610799177998734e-02 8.485077354778476355e-01
9.627577867049382121e+00 1.305423748427261188e+01 4.282080237961062574e-02 8.333426661063870755e-01
1.305423748427261188e+01 1.770051810009568172e+01 4.262552505913085737e-02 8.288486467325202334e-01
1.770051810009568172e+01 2.400050875352008006e+01 4.209447450871862950e-02 8.178027641288538874e-01
2.400050875352008006e+01 3.254279999999999973e+01 4.093924827472988220e-02 7.915245519439607635e-01
