1.000000000000000056e-01 1.355921257095313026e-01 3.655226061757387707e-02 7.059966260624157552e-01
1.355921257095313026e-01 1.838522455442933856e-01 3.845655684677233566e-02 7.440834883779694486e-01
1.838522455442933856e-01 2.492891678982144810e-01 4.037289666507191954e-02 7.835240551956537125e-01
2.492891678982144810e-01 3.380164819167915113e-01 4.281815383076731374e-02 8.328047706264898320e-01
3.380164819167915113e-01 4.583237330795510434e-01 4.585380295504673520e-02 8.923499502573503106e-01
4.583237330795510434e-01 6.214508923138416518e-01 5.088378362968066365e-02 9.904729702960827220e-01
6.214508923138416518e-01 8.426384751291882136e-01 5.845468739635120703e-02 1.138793371497101248e+00
8.426384751291882136e-01 1.142551420474046342e+00 6.228082656946046236e-02 1.213473197592577879e+00
1.142551420474046342e+00 1.549209758345204913e+00 6.171165040266379104e-02 1.202524914038249237e+00
1.549209758345204913e+00 2.100606443039755522e+00 5.703867165103666120e-02 1.111749095566931578e+00
2.100606443039755522e+00 2.848256928908980079e+00 5.308570017785591011e-02 1.034683771683818199e+00
2.848256928908980079e+00 3.862012115576700655e+00 5.013950517675153790e-02 9.772666363343992524e-01
3.862012115576700655e+00 5.236584322670087666e+00 4.664706478971573922e-02 9.091462840684447766e-01
5.236584322670087666e+00 7.100395997680434945e+00 4.441625876969585579e-02 8.657494681609368969e-01
7.100395997680434945e+00 9.627577867049382121e+00 4.300622222611959894e-02 8.382649980018299640e-01
9.627577867049382121e+00 1.305423748427261188e+01 4.213212360583970528e-02 8.211517107841243002e-01
1.305423748427261188e+01 1.770051810009568172e+01 4.176649020338219637e-02 8.139065030248925359e-01
1.770051810009568172e+01 2.400050875352008006e+01 4.148904565836683545e-02 8.082749018741430813e-01
2.400050875352008006e+01 3.254279999999999973e+01 4.013916294061339873e-02 7.813164113536539279e-01
