1.000000000000000056e-01 1.355921257095313026e-01 4.629040174073998509e-02 8.948413520512474850e-01
1.355921257095313026e-01 1.838522455442933856e-01 4.453855209742151045e-02 8.631332238230021714e-01
1.838522455442933856e-01 2.492891678982144810e-01 4.313856837895472390e-02 8.379649501032815362e-01
2.492891678982144810e-01 3.380164819167915113e-01 4.264303476267895798e-02 8.295602907221327760e-01
3.380164819167915113e-01 4.583237330795510434e-01 4.310247116542041679e-02 8.389373271521517461e-01
4.583237330795510434e-01 6.214508923138416518e-01 4.580395620759519781e-02 8.915978010431685474e-01
6.214508923138416518e-01 8.426384751291882136e-01 5.196883857618610214e-02 1.012433481792750722e+00
8.426384751291882136e-01 1.142551420474046342e+00 5.811465116691532512e-02 1.131344059607241714e+00
1.142551420474046342e+00 1.549209758345204913e+00 5.960678963639685218e-02 1.160965106312584316e+00
1.549209758345204913e+00 2.100606443039755522e+00 5.719840950315729922e-02 1.114203824982976432e+00
2.100606443039755522e+00 2.848256928908980079e+00 5.334636194125030872e-02 1.039370620614039620e+00
2.848256928908980079e+00 3.862012115576700655e+00 4.959406942590242895e-02 9.665183047375692782e-01
3.862012115576700655e+00 5.236584322670087666e+00 4.650225509969194843e-02 9.062637668701656324e-01
5.236584322670087666e+00 7.100395997680434945e+00 4.430828950996582721e-02 8.634953190004289736e-01
7.100395997680434945e+00 9.627577867049382121e+00 4.280168430805884883e-02 8.340368465629490746e-01
9.627577867049382121e+00 1.305423748427261188e+01 4.181420729754602161e-02 8.145439028833890704e-01
1.305423748427261188e+01 1.770051810009568172e+01 4.159107052673799432e-02 8.094884174163441415e-01
1.770051810009568172e+01 2.400050875352008006e+01 4.116791982774098413e-02 8.008216003725430188e-01
2.400050875352008006e+01 3.254279999999999973e+01 3.945762220081224653e-02 7.657793106299477515e-01
