1.000000000000000056e-01 1.355921257095313026e-01 4.017057321315369023e-02 7.780609135252144481e-01
1.355921257095313026e-01 1.838522455442933856e-01 4.094673822498827442e-02 7.960618541799225900e-01
1.838522455442933856e-01 2.492891678982144810e-01 4.208749216280872896e-02 8.190568673386418030e-01
2.492891678982144810e-01 3.380164819167915113e-01 4.376652026201040269e-02 8.514135797543391782e-01
3.380164819167915113e-01 4.583237330795510434e-01 4.664323278896104902e-02 9.070580500099731935e-01
4.583237330795510434e-01 6.214508923138416518e-01 5.233979523301192371e-02 1.018310995729153179e+00
6.214508923138416518e-01 8.426384751291882136e-01 6.206396037658861581e-02 1.209027343656818854e+00
8.426384751291882136e-01 1.142551420474046342e+00 6.793580536901025480e-02 1.323667163443886352e+00
1.142551420474046342e+00 1.549209758345204913e+00 6.588496459477295730e-02 1.283697055793493469e+00
1.549209758345204913e+00 2.100606443039755522e+00 6.080799033801843889e-02 1.184626461111350837e+00
2.100606443039755522e+00 2.848256928908980079e+00 5.538897966359239422e-02 1.079426934962677276e+00
2.848256928908980079e+00 3.862012115576700655e+00 5.134958160708712194e-02 1.000670549201737813e+00
3.862012115576700655e+00 5.236584322670087666e+00 4.787042242006013526e-02 9.328478779478398542e-01
5.236584322670087666e+00 7.100395997680434945e+00 4.530658580225400967e-02 8.828363419309763760e-01
7.100395997680434945e+00 9.627577867049382121e+00 4.356128279265146508e-02 8.486636422936395530e-01
9.627577867049382121e+00 1.305423748427261188e+01 4.221333709210397384e-02 8.222933356860026022e-01
1.305423748427261188e+01 1.770051810009568172e+01 4.156544368528271999e-02 8.096627285937872953e-01
1.770051810009568172e+01 2.400050875352008006e+01 4.076815719244190200e-02 7.937361005758195587e-01
2.400050875352008006e+01 3.254279999999999973e+01 3.905689851125247053e-02 7.578729576378047117e-01
