1.000000000000000056e-01 1.355921257095313026e-01 9.794066088826500205e-02 1.906008838590548260e+00
1.355921257095313026e-01 1.838522455442933856e-01 8.836503543058217558e-02 1.718577413603647353e+00
1.838522455442933856e-01 2.492891678982144810e-01 7.903026206158465794e-02 1.535187664437285715e+00
2.492891678982144810e-01 3.380164819167915113e-01 6.906842286623851579e-02 1.341426678461748789e+00
3.380164819167915113e-01 4.583237330795510434e-01 5.642572584540245240e-02 1.096766432607039876e+00
4.583237330795510434e-01 6.214508923138416518e-01 4.239255948030442450e-02 8.239314740938794568e-01
6.214508923138416518e-01 8.426384751291882136e-01 3.486132699034617116e-02 6.775678867504625336e-01
8.426384751291882136e-01 1.142551420474046342e+00 3.604108521574554691e-02 7.015597568558503694e-01
1.142551420474046342e+00 1.549209758345204913e+00 4.223724594951276667e-02 8.226415543837479749e-01
1.549209758345204913e+00 2.100606443039755522e+00 4.802540054438305533e-02 9.357119672478275696e-01
2.100606443039755522e+00 2.848256928908980079e+00 4.926950893193420694e-02 9.600701325797860175e-01
2.848256928908980079e+00 3.862012115576700655e+00 4.702585740405645920e-02 9.164044670405017134e-01
3.862012115576700655e+00 5.236584322670087666e+00 4.494684677366402037e-02 8.759541283090459540e-01
5.236584322670087666e+00 7.100395997680434945e+00 4.304467446414898119e-02 8.389059488880352689e-01
7.100395997680434945e+00 9.627577867049382121e+00 4.203616050115489139e-02 8.190659813591929517e-01
9.627577867049382121e+00 1.305423748427261188e+01 4.129689058369252763e-02 8.046507547823463780e-01
1.305423748427261188e+01 1.770051810009568172e+01 4.110872628782819699e-02 8.006362217929666736e-01
1.770051810009568172e+01 2.400050875352008006e+01 4.074478549795529370e-02 7.934103560031403601e-01
2.400050875352008006e+01 3.254279999999999973e+01 3.946711844323967655e-02 7.677810540180304288e-01
