1.000000000000000056e-01 1.355921257095313026e-01 3.913751330056682021e-02 7.485141013049669834e-01
1.355921257095313026e-01 1.838522455442933856e-01 4.028101656109676215e-02 7.745700947949686332e-01
1.838522455442933856e-01 2.492891678982144810e-01 4.146133036392844751e-02 8.022273308425368343e-01
2.492891678982144810e-01 3.380164819167915113e-01 4.335064981481583785e-02 8.435270316211916919e-01
3.380164819167915113e-01 4.583237330795510434e-01 4.643242800772129364e-02 9.036488339179409301e-01
4.583237330795510434e-01 6.214508923138416518e-01 5.143574746271431519e-02 1.001403814228859712e+00
6.214508923138416518e-01 8.426384751291882136e-01 5.725527703093306192e-02 1.114937875562294511e+00
8.426384751291882136e-01 1.142551420474046342e+00 5.935839848739876690e-02 1.156072387544324176e+00
1.142551420474046342e+00 1.549209758345204913e+00 5.747783081580929571e-02 1.119620802152504924e+00
1.549209758345204913e+00 2.100606443039755522e+00 5.458430011909605473e-02 1.063084449351871630e+00
2.100606443039755522e+00 2.848256928908980079e+00 5.137697695299392464e-02 1.001023791523720119e+00
2.848256928908980079e+00 3.862012115576700655e+00 4.812856614915138331e-02 9.378742205607896176e-01
3.862012115576700655e+00 5.236584322670087666e+00 4.571112639745292944e-02 8.907785309806336427e-01
5.236584322670087666e+00 7.100395997680434945e+00 4.389637669386667329e-02 8.552754122701048400e-01
7.100395997680434945e+00 9.627577867049382121e+00 4.290863941736575149e-02 8.359676539173872545e-01
9.627577867049382121e+00 1.305423748427261188e+01 4.227258628351383829e-02 8.231894797130347996e-01
1.305423748427261188e+01 1.770051810009568172e+01 4.207272518657413640e-02 8.184868066856462177e-01
1.770051810009568172e+01 2.400050875352008006e+01 4.171445593152542375e-02 8.103636974673705806e-01
2.400050875352008006e+01 3.254279999999999973e+01 4.089099812803104195e-02 7.916915588355399880e-01
