1.000000000000000056e-01 1.355921257095313026e-01 7.490733452291323258e-02 1.450123154511472556e+00
1.355921257095313026e-01 1.838522455442933856e-01 7.085055442661218617e-02 1.367535059231660410e+00
1.838522455442933856e-01 2.492891678982144810e-01 6.591056487870904090e-02 1.276267699299411529e+00
2.492891678982144810e-01 3.380164819167915113e-01 6.126175633583313962e-02 1.187408698235384419e+00
3.380164819167915113e-01 4.583237330795510434e-01 5.819862724350069461e-02 1.127759832633169479e+00
4.583237330795510434e-01 6.214508923138416518e-01 5.737045859601469511e-02 1.112821835180477947e+00
6.214508923138416518e-01 8.426384751291882136e-01 5.767989935608562602e-02 1.123238338281326909e+00
8.426384751291882136e-01 1.142551420474046342e+00 5.685604878533088991e-02 1.106850643890167740e+00
1.142551420474046342e+00 1.549209758345204913e+00 5.524779163601547388e-02 1.076103926317855564e+00
1.549209758345204913e+00 2.100606443039755522e+00 5.346308297747826010e-02 1.041760740837170962e+00
2.100606443039755522e+00 2.848256928908980079e+00 5.109085288910696770e-02 9.955977574080998593e-01
2.848256928908980079e+00 3.862012115576700655e+00 4.879736115598327234e-02 9.509645249311440285e-01
3.862012115576700655e+00 5.236584322670087666e+00 4.584330424603778875e-02 8.934605906087648153e-01
5.236584322670087666e+00 7.100395997680434945e+00 4.401847347810278893e-02 8.577871735058204550e-01
7.100395997680434945e+00 9.627577867049382121e+00 4.287981101835210834e-02 8.354794778241212416e-01
9.627577867049382121e+00 1.305423748427261188e+01 4.232928997567814156e-02 8.243998843833327816e-01
1.305423748427261188e+01 1.770051810009568172e+01 4.225949696910288877e-02 8.230409942878031959e-01
1.770051810009568172e+01 2.400050875352008006e+01 4.187348382579637179e-02 8.145337348451402448e-01
2.400050875352008006e+01 3.254279999999999973e+01 4.051670655272207600e-02 7.850689818616748417e-01
