1.000000000000000056e-01 1.355921257095313026e-01 7.363908709338172487e-02 1.430117882111228145e+00
1.355921257095313026e-01 1.838522455442933856e-01 6.969221308113508762e-02 1.354886137250174816e+00
1.838522455442933856e-01 2.492891678982144810e-01 6.560313277294091416e-02 1.276286386835141728e+00
2.492891678982144810e-01 3.380164819167915113e-01 6.129583199738358745e-02 1.191844761168125766e+00
3.380164819167915113e-01 4.583237330795510434e-01 5.596893434946717538e-02 1.089120736765631925e+00
4.583237330795510434e-01 6.214508923138416518e-01 4.865092933283814841e-02 9.468396200105652083e-01
6.214508923138416518e-01 8.426384751291882136e-01 4.185060310170388848e-02 8.146474870465396645e-01
8.426384751291882136e-01 1.142551420474046342e+00 4.527710710544753658e-02 8.820509141425741939e-01
1.142551420474046342e+00 1.549209758345204913e+00 5.235200023112257517e-02 1.020193364580872952e+00
1.549209758345204913e+00 2.100606443039755522e+00 5.381801738400858459e-02 1.048743680923549304e+00
2.100606443039755522e+00 2.848256928908980079e+00 5.149960948293130780e-02 1.003544958462744718e+00
2.848256928908980079e+00 3.862012115576700655e+00 4.808994163614276757e-02 9.371250682420646516e-01
3.862012115576700655e+00 5.236584322670087666e+00 4.587464289827816039e-02 8.939633526809014352e-01
5.236584322670087666e+00 7.100395997680434945e+00 4.398132635685254171e-02 8.569030130321223515e-01
7.100395997680434945e+00 9.627577867049382121e+00 4.298131218061398973e-02 8.372053543743765980e-01
9.627577867049382121e+00 1.305423748427261188e+01 4.234457922012181685e-02 8.249189893514394800e-01
1.305423748427261188e+01 1.770051810009568172e+01 4.227672050349288307e-02 8.229248225579078868e-01
1.770051810009568172e+01 2.400050875352008006e+01 4.175254556440134018e-02 8.120346920814052183e-01
2.400050875352008006e+01 3.254279999999999973e+01 4.032508800796393011e-02 7.814500173258761562e-01
