1.000000000000000056e-01 1.355921257095313026e-01 6.333465517902395203e-02 1.227332172513204478e+00
1.355921257095313026e-01 1.838522455442933856e-01 6.206130229160806283e-02 1.207349606093684136e+00
1.838522455442933856e-01 2.492891678982144810e-01 6.077084734352729278e-02 1.180971887257175501e+00
2.492891678982144810e-01 3.380164819167915113e-01 5.898648671253523684e-02 1.147433873053945508e+00
3.380164819167915113e-01 4.583237330795510434e-01 5.733362096488035103e-02 1.116671493871640219e+00
4.583237330795510434e-01 6.214508923138416518e-01 5.795980589262864774e-02 1.127807991038709767e+00
6.214508923138416518e-01 8.426384751291882136e-01 5.686566166004283079e-02 1.108082803603526845e+00
8.426384751291882136e-01 1.142551420474046342e+00 5.551587027699598359e-02 1.081728693712215028e+00
1.142551420474046342e+00 1.549209758345204913e+00 5.779997390122860318e-02 1.126460504087594128e+00
1.549209758345204913e+00 2.100606443039755522e+00 5.634106428729961785e-02 1.098077364241682341e+00
2.100606443039755522e+00 2.848256928908980079e+00 5.337562632844063126e-02 1.040358676055025633e+00
2.848256928908980079e+00 3.862012115576700655e+00 5.007977571666269445e-02 9.761000010718345887e-01
3.862012115576700655e+00 5.236584322670087666e+00 4.690988600522665031e-02 9.142361842445166920e-01
5.236584322670087666e+00 7.100395997680434945e+00 4.463593729123980364e-02 8.699153199080749133e-01
7.100395997680434945e+00 9.627577867049382121e+00 4.319837783716206497e-02 8.418687248902311238e-01
9.627577867049382121e+00 1.305423748427261188e+01 4.227591755730629453e-02 8.238030949829010519e-01
1.305423748427261188e+01 1.770051810009568172e+01 4.175942495346107036e-02 8.135917829219014852e-01
1.770051810009568172e+01 2.400050875352008006e+01 4.123104574201895411e-02 8.028039126235483325e-01
2.400050875352008006e+01 3.254279999999999973e+01 4.004080661081547976e-02 7.783198312151237142e-01
