1.000000000000000056e-01 1.355921257095313026e-01 5.137298224397696123e-02 9.861859049470803606e-01
1.355921257095313026e-01 1.838522455442933856e-01 5.032556680733206445e-02 9.736176461721438580e-01
1.838522455442933856e-01 2.492891678982144810e-01 5.077693037284820160e-02 9.839662914911050384e-01
2.492891678982144810e-01 3.380164819167915113e-01 5.179539056481833464e-02 1.005551780627290892e+00
3.380164819167915113e-01 4.583237330795510434e-01 5.510368639996558043e-02 1.071990708482536858e+00
4.583237330795510434e-01 6.214508923138416518e-01 6.091655381807890152e-02 1.185391362309470953e+00
6.214508923138416518e-01 8.426384751291882136e-01 6.523545367301712694e-02 1.270553985633889438e+00
8.426384751291882136e-01 1.142551420474046342e+00 6.480762906041601101e-02 1.262674445449629479e+00
1.142551420474046342e+00 1.549209758345204913e+00 6.137042997100863179e-02 1.195929242579245155e+00
1.549209758345204913e+00 2.100606443039755522e+00 5.719224626666484512e-02 1.114295925239038754e+00
2.100606443039755522e+00 2.848256928908980079e+00 5.337544360038152386e-02 1.040030828450746458e+00
2.848256928908980079e+00 3.862012115576700655e+00 4.988539463593814893e-02 9.720863208949639400e-01
3.862012115576700655e+00 5.236584322670087666e+00 4.689873253510316864e-02 9.138566165472896685e-01
5.236584322670087666e+00 7.100395997680434945e+00 4.496461310228606900e-02 8.760745493092569891e-01
7.100395997680434945e+00 9.627577867049382121e+00 4.383175423515772717e-02 8.538420377305154796e-01
9.627577867049382121e+00 1.305423748427261188e+01 4.311990512710797002e-02 8.397530776249587658e-01
1.305423748427261188e+01 1.770051810009568172e+01 4.284307709952935722e-02 8.338368146703538653e-01
1.770051810009568172e+01 2.400050875352008006e+01 4.231399327176591646e-02 8.226165093324024902e-01
2.400050875352008006e+01 3.254279999999999973e+01 4.099341609731010916e-02 7.956347796980683951e-01
