1.000000000000000056e-01 1.355921257095313026e-01 3.389593378098507831e-02 6.587144377889109226e-01
1.355921257095313026e-01 1.838522455442933856e-01 3.655782322266864365e-02 7.085838185378163789e-01
1.838522455442933856e-01 2.492891678982144810e-01 3.945383831651290418e-02 7.675859825350541676e-01
2.492891678982144810e-01 3.380164819167915113e-01 4.281509307962281380e-02 8.322086433584032772e-01
3.380164819167915113e-01 4.583237330795510434e-01 4.665994754924178423e-02 9.076212153496502344e-01
4.583237330795510434e-01 6.214508923138416518e-01 5.220012302190334824e-02 1.016378489054551970e+00
6.214508923138416518e-01 8.426384751291882136e-01 6.022521733117099790e-02 1.172962196828662984e+00
8.426384751291882136e-01 1.142551420474046342e+00 6.685398443626944243e-02 1.302716138397522760e+00
1.142551420474046342e+00 1.549209758345204913e+00 6.472679430772924902e-02 1.261367320597362118e+00
1.549209758345204913e+00 2.100606443039755522e+00 5.906468489090736101e-02 1.150980932154047398e+00
2.100606443039755522e+00 2.848256928908980079e+00 5.424749490751044900e-02 1.057277461162823284e+00
2.848256928908980079e+00 3.862012115576700655e+00 5.069935948411798815e-02 9.881420287947688674e-01
3.862012115576700655e+00 5.236584322670087666e+00 4.737295417751458820e-02 9.232994981981550442e-01
5.236584322670087666e+00 7.100395997680434945e+00 4.510124827059924790e-02 8.790118371824168220e-01
7.100395997680434945e+00 9.627577867049382121e+00 4.363684516552201326e-02 8.504004286496341658e-01
9.627577867049382121e+00 1.305423748427261188e+01 4.264291354766128195e-02 8.308660732760502210e-01
1.305423748427261188e+01 1.770051810009568172e+01 4.236376971495771360e-02 8.253210339251714212e-01
1.770051810009568172e+01 2.400050875352008006e+01 4.200043749596694964e-02 8.176328402070384138e-01
2.400050875352008006e+01 3.254279999999999973e+01 4.089065782812600913e-02 7.944781063791501730e-01
