1.000000000000000056e-01 1.355921257095313026e-01 4.335163198605043733e-02 8.401097745295540431e-01
1.355921257095313026e-01 1.838522455442933856e-01 4.107841272265819188e-02 7.923587621516527957e-01
1.838522455442933856e-01 2.492891678982144810e-01 3.867206859202276803e-02 7.490215239389517166e-01
2.492891678982144810e-01 3.380164819167915113e-01 3.810016815728294731e-02 7.401620067062992803e-01
3.380164819167915113e-01 4.583237330795510434e-01 3.865637777380612206e-02 7.501502457622672981e-01
4.583237330795510434e-01 6.214508923138416518e-01 4.162170572636859911e-02 8.103974601943341183e-01
6.214508923138416518e-01 8.426384751291882136e-01 4.880934485821190189e-02 9.509131514519364448e-01
8.426384751291882136e-01 1.142551420474046342e+00 5.806338799736320000e-02 1.130748611990095354e+00
1.142551420474046342e+00 1.549209758345204913e+00 6.279068094821387003e-02 1.223243352041434084e+00
1.549209758345204913e+00 2.100606443039755522e+00 5.949123336860891176e-02 1.159101303827684282e+00
2.100606443039755522e+00 2.848256928908980079e+00 5.366362986319670597e-02 1.045594175356342248e+00
2.848256928908980079e+00 3.862012115576700655e+00 4.909980660188195678e-02 9.568141812065444896e-01
3.862012115576700655e+00 5.236584322670087666e+00 4.641283027872437211e-02 9.043653374479806439e-01
5.236584322670087666e+00 7.100395997680434945e+00 4.448152283133929158e-02 8.669273959972769728e-01
7.100395997680434945e+00 9.627577867049382121e+00 4.324994375670803554e-02 8.427375298437295159e-01
9.627577867049382121e+00 1.305423748427261188e+01 4.258084170930697548e-02 8.291630566740308961e-01
1.305423748427261188e+01 1.770051810009568172e+01 4.221392554857835572e-02 8.212668702534320353e-01
1.770051810009568172e+01 2.400050875352008006e+01 4.171280623521972375e-02 8.098647676888318658e-01
2.400050875352008006e+01 3.254279999999999973e+01 4.050834735300080924e-02 7.806517565425951100e-01
