1.000000000000000056e-01 1.355921257095313026e-01 6.323961394473752440e-02 1.209763999969386550e+00
1.355921257095313026e-01 1.838522455442933856e-01 5.929501647456553864e-02 1.127837001396361227e+00
1.838522455442933856e-01 2.492891678982144810e-01 5.399375201095770599e-02 1.038883958289801512e+00
2.492891678982144810e-01 3.380164819167915113e-01 5.185062193946282649e-02 1.000558371886725473e+00
3.380164819167915113e-01 4.583237330795510434e-01 5.087627390932895899e-02 9.888333418321202384e-01
4.583237330795510434e-01 6.214508923138416518e-01 5.413912275710777711e-02 1.053225548697901859e+00
6.214508923138416518e-01 8.426384751291882136e-01 5.919958644863502345e-02 1.153241674770589587e+00
8.426384751291882136e-01 1.142551420474046342e+00 6.185707081412335911e-02 1.205106042097415564e+00
1.142551420474046342e+00 1.549209758345204913e+00 6.041495403701011707e-02 1.176976793533613064e+00
1.549209758345204913e+00 2.100606443039755522e+00 5.655591316683948599e-02 1.102123088204957080e+00
2.100606443039755522e+00 2.848256928908980079e+00 5.321423634305683797e-02 1.037018884438560162e+00
2.848256928908980079e+00 3.862012115576700655e+00 5.006632088339997566e-02 9.755193952598482099e-01
3.862012115576700655e+00 5.236584322670087666e+00 4.713377901390038149e-02 9.184004917521928490e-01
5.236584322670087666e+00 7.100395997680434945e+00 4.494934534281835176e-02 8.759615434631532471e-01
7.100395997680434945e+00 9.627577867049382121e+00 4.369013640170184287e-02 8.510866828216760993e-01
9.627577867049382121e+00 1.305423748427261188e+01 4.274721720344795001e-02 8.327891667865288117e-01
1.305423748427261188e+01 1.770051810009568172e+01 4.258674635234854094e-02 8.291978682536274015e-01
1.770051810009568172e+01 2.400050875352008006e+01 4.217330424057959271e-02 8.203370257160037538e-01
2.400050875352008006e+01 3.254279999999999973e+01 4.078627756727251641e-02 7.900189685254802585e-01
