1.000000000000000056e-01 1.355921257095313026e-01 4.989646659642066329e-02 9.564242824993999248e-01
1.355921257095313026e-01 1.838522455442933856e-01 4.811682079320927369e-02 9.305446521245938074e-01
1.838522455442933856e-01 2.492891678982144810e-01 4.812206286314406334e-02 9.295645944080775935e-01
2.492891678982144810e-01 3.380164819167915113e-01 4.994615387722339123e-02 9.667333374846905913e-01
3.380164819167915113e-01 4.583237330795510434e-01 5.465278849363717356e-02 1.061342683060778613e+00
4.583237330795510434e-01 6.214508923138416518e-01 6.111444363040918065e-02 1.189606940699132975e+00
6.214508923138416518e-01 8.426384751291882136e-01 6.562596510708144926e-02 1.277641216350641651e+00
8.426384751291882136e-01 1.142551420474046342e+00 6.730128879988159230e-02 1.310841355806021458e+00
1.142551420474046342e+00 1.549209758345204913e+00 6.382933320395850485e-02 1.243502876592315065e+00
1.549209758345204913e+00 2.100606443039755522e+00 5.874095512986263895e-02 1.144428368540237440e+00
2.100606443039755522e+00 2.848256928908980079e+00 5.426373415167297376e-02 1.057171015576676032e+00
2.848256928908980079e+00 3.862012115576700655e+00 5.069755125144411595e-02 9.876541529185219881e-01
3.862012115576700655e+00 5.236584322670087666e+00 4.785001807448316380e-02 9.321630443556883083e-01
5.236584322670087666e+00 7.100395997680434945e+00 4.575743328934106513e-02 8.913414615269594776e-01
7.100395997680434945e+00 9.627577867049382121e+00 4.436908766749915467e-02 8.640388472646073348e-01
9.627577867049382121e+00 1.305423748427261188e+01 4.345056629966927847e-02 8.459113116895548012e-01
1.305423748427261188e+01 1.770051810009568172e+01 4.290937598141424808e-02 8.345668960777946621e-01
1.770051810009568172e+01 2.400050875352008006e+01 4.209872059420927820e-02 8.180554547403263710e-01
2.400050875352008006e+01 3.254279999999999973e+01 4.061972159137682004e-02 7.879761644490850259e-01
