1.000000000000000056e-01 1.355921257095313026e-01 4.939717131938141381e-02 9.502152944133016588e-01
1.355921257095313026e-01 1.838522455442933856e-01 4.882621601745253115e-02 9.427829805747772740e-01
1.838522455442933856e-01 2.492891678982144810e-01 4.864703358659035887e-02 9.423380579515893141e-01
2.492891678982144810e-01 3.380164819167915113e-01 4.959990545067390760e-02 9.607407941755170544e-01
3.380164819167915113e-01 4.583237330795510434e-01 5.059620372444598169e-02 9.841454182682072283e-01
4.583237330795510434e-01 6.214508923138416518e-01 5.370615430235618076e-02 1.045306927664047647e+00
6.214508923138416518e-01 8.426384751291882136e-01 5.821522401596943702e-02 1.134023308089585402e+00
8.426384751291882136e-01 1.142551420474046342e+00 5.894097971281764964e-02 1.148359003196613548e+00
1.142551420474046342e+00 1.549209758345204913e+00 5.708467162750997109e-02 1.112098155262911447e+00
1.549209758345204913e+00 2.100606443039755522e+00 5.491904857242158738e-02 1.070154272829328956e+00
2.100606443039755522e+00 2.848256928908980079e+00 5.255533566993433880e-02 1.024281450423222939e+00
2.848256928908980079e+00 3.862012115576700655e+00 4.921620150280022615e-02 9.592990330212978201e-01
3.862012115576700655e+00 5.236584322670087666e+00 4.642442640902830209e-02 9.048387934232924312e-01
5.236584322670087666e+00 7.100395997680434945e+00 4.424487345538758581e-02 8.623594714796273264e-01
7.100395997680434945e+00 9.627577867049382121e+00 4.281085163017940565e-02 8.344108422297800143e-01
9.627577867049382121e+00 1.305423748427261188e+01 4.186857870277744392e-02 8.159677163047157622e-01
1.305423748427261188e+01 1.770051810009568172e+01 4.145593555313165784e-02 8.077727832142709286e-01
1.770051810009568172e+01 2.400050875352008006e+01 4.087124265961143005e-02 7.961250264499554197e-01
2.400050875352008006e+01 3.254279999999999973e+01 3.979983867130601483e-02 7.739769626031451910e-01
