1.000000000000000056e-01 1.355921257095313026e-01 5.256771504992328869e-02 1.021296375676382873e+00
1.355921257095313026e-01 1.838522455442933856e-01 4.958746037274400914e-02 9.624487996436699166e-01
1.838522455442933856e-01 2.492891678982144810e-01 4.699621617034036025e-02 9.139594461373580225e-01
2.492891678982144810e-01 3.380164819167915113e-01 4.473926689235899895e-02 8.715422886683499293e-01
3.380164819167915113e-01 4.583237330795510434e-01 4.437473866221780527e-02 8.628401204357160070e-01
4.583237330795510434e-01 6.214508923138416518e-01 4.559246163935350149e-02 8.870797026449912526e-01
6.214508923138416518e-01 8.426384751291882136e-01 5.028019690393249058e-02 9.792747197856422892e-01
8.426384751291882136e-01 1.142551420474046342e+00 5.685256825335051334e-02 1.107240505478954695e+00
1.142551420474046342e+00 1.549209758345204913e+00 5.796511496682701936e-02 1.129444152871818874e+00
1.549209758345204913e+00 2.100606443039755522e+00 5.498313696043923005e-02 1.071395267863872292e+00
2.100606443039755522e+00 2.848256928908980079e+00 5.160091888344631866e-02 1.005577870565394383e+00
2.848256928908980079e+00 3.862012115576700655e+00 4.879028333671174555e-02 9.508179719974766408e-01
3.862012115576700655e+00 5.236584322670087666e+00 4.583979282294203816e-02 8.931630794548184316e-01
5.236584322670087666e+00 7.100395997680434945e+00 4.398175377085653676e-02 8.569083352138893162e-01
7.100395997680434945e+00 9.627577867049382121e+00 4.280690873794243401e-02 8.338162904672516973e-01
9.627577867049382121e+00 1.305423748427261188e+01 4.208678046889465646e-02 8.196139046332659994e-01
1.305423748427261188e+01 1.770051810009568172e+01 4.203535016074497199e-02 8.180616844678157973e-01
1.770051810009568172e+01 2.400050875352008006e+01 4.163831497432185502e-02 8.094441320820368047e-01
2.400050875352008006e+01 3.254279999999999973e+01 4.023936563577387021e-02 7.814182635879979300e-01
