1.000000000000000056e-01 1.355921257095313026e-01 4.304969679051897508e-02 8.346741408799633888e-01
1.355921257095313026e-01 1.838522455442933856e-01 4.440382254851713700e-02 8.612317271973906063e-01
1.838522455442933856e-01 2.492891678982144810e-01 4.670648711931476432e-02 9.043086234822198533e-01
2.492891678982144810e-01 3.380164819167915113e-01 4.930243938112344182e-02 9.591145858340573982e-01
3.380164819167915113e-01 4.583237330795510434e-01 5.394330587895495438e-02 1.050030591540435543e+00
4.583237330795510434e-01 6.214508923138416518e-01 6.084795555693513214e-02 1.185333536487966688e+00
6.214508923138416518e-01 8.426384751291882136e-01 6.607906692535370219e-02 1.287200640535330454e+00
8.426384751291882136e-01 1.142551420474046342e+00 6.605147040948852744e-02 1.286495629191408474e+00
1.142551420474046342e+00 1.549209758345204913e+00 6.239202048399236644e-02 1.215720139248396947e+00
1.549209758345204913e+00 2.100606443039755522e+00 5.752617610470182191e-02 1.121072385201901334e+00
2.100606443039755522e+00 2.848256928908980079e+00 5.354605161985980660e-02 1.043425940625848591e+00
2.848256928908980079e+00 3.862012115576700655e+00 5.018991771422544323e-02 9.778977269897344282e-01
3.862012115576700655e+00 5.236584322670087666e+00 4.741221141953146090e-02 9.239875213532214859e-01
5.236584322670087666e+00 7.100395997680434945e+00 4.534459500962607914e-02 8.836922644152446216e-01
7.100395997680434945e+00 9.627577867049382121e+00 4.417941566449562485e-02 8.608027741569309610e-01
9.627577867049382121e+00 1.305423748427261188e+01 4.325657018088754219e-02 8.427828290871345329e-01
1.305423748427261188e+01 1.770051810009568172e+01 4.301254760823226136e-02 8.376266516296507758e-01
1.770051810009568172e+01 2.400050875352008006e+01 4.244259776087366820e-02 8.257194563798035958e-01
2.400050875352008006e+01 3.254279999999999973e+01 4.110012187365124497e-02 7.967054818649036418e-01
