1.000000000000000056e-01 1.355921257095313026e-01 5.627193813982724058e-02 1.091729805447092305e+00
1.355921257095313026e-01 1.838522455442933856e-01 5.273250123805603429e-02 1.022693094990668738e+00
1.838522455442933856e-01 2.492891678982144810e-01 4.919317176377178968e-02 9.566862906384040466e-01
2.492891678982144810e-01 3.380164819167915113e-01 4.682601189604775754e-02 9.080453270527085730e-01
3.380164819167915113e-01 4.583237330795510434e-01 4.548544283825834561e-02 8.841147636438440038e-01
4.583237330795510434e-01 6.214508923138416518e-01 4.601751174446406384e-02 8.945338417500339201e-01
6.214508923138416518e-01 8.426384751291882136e-01 4.858640555961490221e-02 9.461374395858466180e-01
8.426384751291882136e-01 1.142551420474046342e+00 5.081421686199367321e-02 9.898048512593996540e-01
1.142551420474046342e+00 1.549209758345204913e+00 5.305971609645852849e-02 1.033688049378522988e+00
1.549209758345204913e+00 2.100606443039755522e+00 5.384395371793578716e-02 1.049088695758640499e+00
2.100606443039755522e+00 2.848256928908980079e+00 5.237742181617330295e-02 1.020640506949741955e+00
2.848256928908980079e+00 3.862012115576700655e+00 4.885045103339898109e-02 9.521010895999134638e-01
3.862012115576700655e+00 5.236584322670087666e+00 4.584399049485508859e-02 8.934812905150583129e-01
5.236584322670087666e+00 7.100395997680434945e+00 4.358428838911981851e-02 8.494470985136116647e-01
7.100395997680434945e+00 9.627577867049382121e+00 4.216947293487116610e-02 8.218429889061535931e-01
9.627577867049382121e+00 1.305423748427261188e+01 4.127580433964075923e-02 8.043865917509678276e-01
1.305423748427261188e+01 1.770051810009568172e+01 4.097450954308479165e-02 7.983457232908428569e-01
1.770051810009568172e+01 2.400050875352008006e+01 4.039809573610922411e-02 7.868143405672515245e-01
2.400050875352008006e+01 3.254279999999999973e+01 3.911475138627375225e-02 7.611427906845815716e-01
