1.000000000000000056e-01 1.355921257095313026e-01 7.878474330058560238e-02 1.524579124372987593e+00
1.355921257095313026e-01 1.838522455442933856e-01 7.341062332239575716e-02 1.421897921405799181e+00
1.838522455442933856e-01 2.492891678982144810e-01 6.736424603083737694e-02 1.307640010640558348e+00
2.492891678982144810e-01 3.380164819167915113e-01 6.159712944426818521e-02 1.197733045937430241e+00
3.380164819167915113e-01 4.583237330795510434e-01 5.724124676960265501e-02 1.113548577259956041e+00
4.583237330795510434e-01 6.214508923138416518e-01 5.304332170868568397e-02 1.031925240329629512e+00
6.214508923138416518e-01 8.426384751291882136e-01 4.926244991564175668e-02 9.588992581495887624e-01
8.426384751291882136e-01 1.142551420474046342e+00 4.572157529448884344e-02 8.905076183991391670e-01
1.142551420474046342e+00 1.549209758345204913e+00 4.590986064910557857e-02 8.943061767743120116e-01
1.549209758345204913e+00 2.100606443039755522e+00 4.781295871507101197e-02 9.315472729301497168e-01
2.100606443039755522e+00 2.848256928908980079e+00 4.765158844333786115e-02 9.286532551835603444e-01
2.848256928908980079e+00 3.862012115576700655e+00 4.626306398633733136e-02 9.015653223986591636e-01
3.862012115576700655e+00 5.236584322670087666e+00 4.434253218577607902e-02 8.641087536208044151e-01
5.236584322670087666e+00 7.100395997680434945e+00 4.282039196115850627e-02 8.344789402410681678e-01
7.100395997680434945e+00 9.627577867049382121e+00 4.193557161922421145e-02 8.170282387396824442e-01
9.627577867049382121e+00 1.305423748427261188e+01 4.145680852844849801e-02 8.074624158950191033e-01
1.305423748427261188e+01 1.770051810009568172e+01 4.127271399775181426e-02 8.031478003024424828e-01
1.770051810009568172e+01 2.400050875352008006e+01 4.105807315822394138e-02 7.975972345911060968e-01
2.400050875352008006e+01 3.254279999999999973e+01 3.999634605572338630e-02 7.747171128749001934e-01
