1.000000000000000056e-01 1.355921257095313026e-01 4.960831838034480273e-02 9.549935988450954927e-01
1.355921257095313026e-01 1.838522455442933856e-01 4.681352516469410724e-02 9.068799050078449886e-01
1.838522455442933856e-01 2.492891678982144810e-01 4.537843882113774818e-02 8.821206203754233810e-01
2.492891678982144810e-01 3.380164819167915113e-01 4.451528710929297111e-02 8.655209320653304284e-01
3.380164819167915113e-01 4.583237330795510434e-01 4.466311783649938583e-02 8.668490899860236132e-01
4.583237330795510434e-01 6.214508923138416518e-01 4.668742597964141428e-02 9.075720261594919513e-01
6.214508923138416518e-01 8.426384751291882136e-01 5.177010657677330596e-02 1.007548041342633871e+00
8.426384751291882136e-01 1.142551420474046342e+00 5.698813727674308799e-02 1.109721571082066260e+00
1.142551420474046342e+00 1.549209758345204913e+00 5.878620154619926264e-02 1.144852425983513333e+00
1.549209758345204913e+00 2.100606443039755522e+00 5.625661794274089411e-02 1.095968138713310669e+00
2.100606443039755522e+00 2.848256928908980079e+00 5.271845637452018257e-02 1.027327389453413398e+00
2.848256928908980079e+00 3.862012115576700655e+00 4.942617063223353480e-02 9.633245065808793139e-01
3.862012115576700655e+00 5.236584322670087666e+00 4.645102372680319502e-02 9.052105434572107479e-01
5.236584322670087666e+00 7.100395997680434945e+00 4.423091144619431536e-02 8.620056000763604009e-01
7.100395997680434945e+00 9.627577867049382121e+00 4.293987038429715464e-02 8.367546272750583380e-01
9.627577867049382121e+00 1.305423748427261188e+01 4.196656981083942556e-02 8.177661828494606766e-01
1.305423748427261188e+01 1.770051810009568172e+01 4.171122318496203046e-02 8.126294407279467391e-01
1.770051810009568172e+01 2.400050875352008006e+01 4.142804606030112136e-02 8.062391248381155506e-01
2.400050875352008006e+01 3.254279999999999973e+01 3.997202782310418923e-02 7.756646393050640187e-01
