1.000000000000000056e-01 1.355921257095313026e-01 7.084282322898489970e-02 1.375035621880289272e+00
1.355921257095313026e-01 1.838522455442933856e-01 6.504516330366288956e-02 1.263124936739247195e+00
1.838522455442933856e-01 2.492891678982144810e-01 6.096747472173460330e-02 1.181577827654488599e+00
2.492891678982144810e-01 3.380164819167915113e-01 5.745820978939127077e-02 1.114856777487880146e+00
3.380164819167915113e-01 4.583237330795510434e-01 5.439184062858755386e-02 1.056489922215030353e+00
4.583237330795510434e-01 6.214508923138416518e-01 5.293226960911631002e-02 1.029584575549403747e+00
6.214508923138416518e-01 8.426384751291882136e-01 5.271679143548502200e-02 1.026450121436311091e+00
8.426384751291882136e-01 1.142551420474046342e+00 5.124305411476209882e-02 9.980666207714730120e-01
1.142551420474046342e+00 1.549209758345204913e+00 5.222290379387939385e-02 1.017295695341839723e+00
1.549209758345204913e+00 2.100606443039755522e+00 5.208473581210359971e-02 1.014590110188925420e+00
2.100606443039755522e+00 2.848256928908980079e+00 5.102192149361290535e-02 9.940470351159953477e-01
2.848256928908980079e+00 3.862012115576700655e+00 4.825417571900054992e-02 9.400200525983832822e-01
3.862012115576700655e+00 5.236584322670087666e+00 4.577996462881176593e-02 8.919169247236238274e-01
5.236584322670087666e+00 7.100395997680434945e+00 4.374123337265758277e-02 8.521443559166720361e-01
7.100395997680434945e+00 9.627577867049382121e+00 4.270010555758026877e-02 8.318291973863455313e-01
9.627577867049382121e+00 1.305423748427261188e+01 4.196531040213453273e-02 8.173793797227137947e-01
1.305423748427261188e+01 1.770051810009568172e+01 4.194354113213501212e-02 8.162319942144200535e-01
1.770051810009568172e+01 2.400050875352008006e+01 4.158906619247852016e-02 8.087268175167499074e-01
2.400050875352008006e+01 3.254279999999999973e+01 4.047261514224360229e-02 7.839974280002318663e-01
