1.000000000000000056e-01 1.355921257095313026e-01 7.797399461268814114e-02 1.513538714201278612e+00
1.355921257095313026e-01 1.838522455442933856e-01 7.170163599902203144e-02 1.390637729979395942e+00
1.838522455442933856e-01 2.492891678982144810e-01 6.568278984647782370e-02 1.273894656244199286e+00
2.492891678982144810e-01 3.380164819167915113e-01 5.984560336535731800e-02 1.163491268536390733e+00
3.380164819167915113e-01 4.583237330795510434e-01 5.527701673771930752e-02 1.073772265934047621e+00
4.583237330795510434e-01 6.214508923138416518e-01 5.099183329817388172e-02 9.911345811923222282e-01
6.214508923138416518e-01 8.426384751291882136e-01 4.882407371832000326e-02 9.499334991073493661e-01
8.426384751291882136e-01 1.142551420474046342e+00 4.847744087630821014e-02 9.436425897085427561e-01
1.142551420474046342e+00 1.549209758345204913e+00 4.821559828959975924e-02 9.387812959845750482e-01
1.549209758345204913e+00 2.100606443039755522e+00 4.918404671074189799e-02 9.582353895817079525e-01
2.100606443039755522e+00 2.848256928908980079e+00 4.915045432820212140e-02 9.577900242977220868e-01
2.848256928908980079e+00 3.862012115576700655e+00 4.713680592030049243e-02 9.185538860845208209e-01
3.862012115576700655e+00 5.236584322670087666e+00 4.507555476258500587e-02 8.784627123192817466e-01
5.236584322670087666e+00 7.100395997680434945e+00 4.318525115226474337e-02 8.415544573809918827e-01
7.100395997680434945e+00 9.627577867049382121e+00 4.209608648937047254e-02 8.202344358795777834e-01
9.627577867049382121e+00 1.305423748427261188e+01 4.153977979517457786e-02 8.092632812318293345e-01
1.305423748427261188e+01 1.770051810009568172e+01 4.148216127124679242e-02 8.080276808250286269e-01
1.770051810009568172e+01 2.400050875352008006e+01 4.110145883444718540e-02 7.998747122820900612e-01
2.400050875352008006e+01 3.254279999999999973e+01 4.002309732508962242e-02 7.778424173864997293e-01
