1.000000000000000056e-01 1.355921257095313026e-01 5.173097694638832678e-02 9.913614091702624975e-01
1.355921257095313026e-01 1.838522455442933856e-01 4.765708468389719121e-02 9.102331720829085482e-01
1.838522455442933856e-01 2.492891678982144810e-01 4.641504181593759937e-02 8.919448410177294173e-01
2.492891678982144810e-01 3.380164819167915113e-01 4.613768797177048020e-02 8.945852461754045803e-01
3.380164819167915113e-01 4.583237330795510434e-01 4.869092749593106201e-02 9.460190570531148424e-01
4.583237330795510434e-01 6.214508923138416518e-01 5.461820497303382371e-02 1.062866056541136972e+00
6.214508923138416518e-01 8.426384751291882136e-01 6.101133305530814094e-02 1.187193148074654037e+00
8.426384751291882136e-01 1.142551420474046342e+00 6.409647952661121084e-02 1.248022033765845862e+00
1.142551420474046342e+00 1.549209758345204913e+00 6.299163538679808383e-02 1.227388981055407946e+00
1.549209758345204913e+00 2.100606443039755522e+00 5.862037587288571744e-02 1.142303632505853761e+00
2.100606443039755522e+00 2.848256928908980079e+00 5.410733461811866041e-02 1.054401322796229001e+00
2.848256928908980079e+00 3.862012115576700655e+00 5.035722508765384797e-02 9.814022034729169564e-01
3.862012115576700655e+00 5.236584322670087666e+00 4.740336082666125883e-02 9.238302924666659255e-01
5.236584322670087666e+00 7.100395997680434945e+00 4.501011357333913054e-02 8.772345703656267979e-01
7.100395997680434945e+00 9.627577867049382121e+00 4.358854740863024602e-02 8.493189896141998263e-01
9.627577867049382121e+00 1.305423748427261188e+01 4.242548501737753580e-02 8.263051079759151651e-01
1.305423748427261188e+01 1.770051810009568172e+01 4.185038936047420083e-02 8.150388508136019450e-01
1.770051810009568172e+01 2.400050875352008006e+01 4.102265184375956941e-02 7.979679287994065895e-01
2.400050875352008006e+01 3.254279999999999973e+01 3.923030547791331313e-02 7.618436342157438590e-01
