1.000000000000000056e-01 1.355921257095313026e-01 4.855637066628378656e-02 9.249368514496520977e-01
1.355921257095313026e-01 1.838522455442933856e-01 4.942392354973763197e-02 9.537391091044422620e-01
1.838522455442933856e-01 2.492891678982144810e-01 5.074394303957070751e-02 9.820652525085996620e-01
2.492891678982144810e-01 3.380164819167915113e-01 5.215880772026887380e-02 1.010833229065946748e+00
3.380164819167915113e-01 4.583237330795510434e-01 5.455826210270645765e-02 1.059654877506320370e+00
4.583237330795510434e-01 6.214508923138416518e-01 5.912532015948322034e-02 1.150321427540515806e+00
6.214508923138416518e-01 8.426384751291882136e-01 6.579963027755565685e-02 1.280910237010436159e+00
8.426384751291882136e-01 1.142551420474046342e+00 6.515850633250297452e-02 1.269679926871705833e+00
1.142551420474046342e+00 1.549209758345204913e+00 6.068928753649524555e-02 1.182581852746159790e+00
1.549209758345204913e+00 2.100606443039755522e+00 5.703559579056341478e-02 1.111540450291246929e+00
2.100606443039755522e+00 2.848256928908980079e+00 5.382812056881460666e-02 1.049195984907905332e+00
2.848256928908980079e+00 3.862012115576700655e+00 5.075568415836555214e-02 9.893569848142664824e-01
3.862012115576700655e+00 5.236584322670087666e+00 4.750591822927903440e-02 9.259976260314780605e-01
5.236584322670087666e+00 7.100395997680434945e+00 4.539584063659199420e-02 8.848605946878824735e-01
7.100395997680434945e+00 9.627577867049382121e+00 4.395037869286735205e-02 8.566811445233513123e-01
9.627577867049382121e+00 1.305423748427261188e+01 4.277876132396082193e-02 8.337692315317734026e-01
1.305423748427261188e+01 1.770051810009568172e+01 4.267787632774019263e-02 8.317478950618587552e-01
1.770051810009568172e+01 2.400050875352008006e+01 4.239372658772111446e-02 8.260691527576760063e-01
2.400050875352008006e+01 3.254279999999999973e+01 4.101839404980791443e-02 7.988734669534715005e-01
