1.000000000000000056e-01 1.355921257095313026e-01 4.931651737298897720e-02 9.466400696758358047e-01
1.355921257095313026e-01 1.838522455442933856e-01 4.723433536200230543e-02 9.151663522674082785e-01
1.838522455442933856e-01 2.492891678982144810e-01 4.579068532613785741e-02 8.881559564322535349e-01
2.492891678982144810e-01 3.380164819167915113e-01 4.521882961077877683e-02 8.759553097347381190e-01
3.380164819167915113e-01 4.583237330795510434e-01 4.559599934535121107e-02 8.868890157657975948e-01
4.583237330795510434e-01 6.214508923138416518e-01 4.841361466363173355e-02 9.419460149103222601e-01
6.214508923138416518e-01 8.426384751291882136e-01 5.390127336754002574e-02 1.049862558258638279e+00
8.426384751291882136e-01 1.142551420474046342e+00 5.624516813628005485e-02 1.095801754297101915e+00
1.142551420474046342e+00 1.549209758345204913e+00 5.612816630290570069e-02 1.093272540735879206e+00
1.549209758345204913e+00 2.100606443039755522e+00 5.472187629854825819e-02 1.066157198109248139e+00
2.100606443039755522e+00 2.848256928908980079e+00 5.203224364647011241e-02 1.013975788761254604e+00
2.848256928908980079e+00 3.862012115576700655e+00 4.919358521185009103e-02 9.587113392031559878e-01
3.862012115576700655e+00 5.236584322670087666e+00 4.602933705408433079e-02 8.970598149275073041e-01
5.236584322670087666e+00 7.100395997680434945e+00 4.395111251869419922e-02 8.566603910534593691e-01
7.100395997680434945e+00 9.627577867049382121e+00 4.261217336410934309e-02 8.304887208378630703e-01
9.627577867049382121e+00 1.305423748427261188e+01 4.184994550083327713e-02 8.155349863558500889e-01
1.305423748427261188e+01 1.770051810009568172e+01 4.159159042096385178e-02 8.102123497557660592e-01
1.770051810009568172e+01 2.400050875352008006e+01 4.114641949428968215e-02 8.013659865034554741e-01
2.400050875352008006e+01 3.254279999999999973e+01 3.971448520121675235e-02 7.729108678688938472e-01
