1.000000000000000056e-01 1.355921257095313026e-01 4.800881375285950825e-02 9.300131904026048835e-01
1.355921257095313026e-01 1.838522455442933856e-01 4.777933521925430138e-02 9.263740774096711483e-01
1.838522455442933856e-01 2.492891678982144810e-01 4.819420736456443005e-02 9.365495321374710525e-01
2.492891678982144810e-01 3.380164819167915113e-01 4.877590907912682933e-02 9.474712334517739754e-01
3.380164819167915113e-01 4.583237330795510434e-01 4.944635200834536504e-02 9.608878838062381300e-01
4.583237330795510434e-01 6.214508923138416518e-01 5.275184808162314276e-02 1.025836401136307030e+00
6.214508923138416518e-01 8.426384751291882136e-01 5.773362016466884045e-02 1.123634761620887490e+00
8.426384751291882136e-01 1.142551420474046342e+00 6.164813837104373556e-02 1.201097168108396840e+00
1.142551420474046342e+00 1.549209758345204913e+00 6.086555267838494182e-02 1.185817102969046299e+00
1.549209758345204913e+00 2.100606443039755522e+00 5.729497662363823574e-02 1.116071096905968174e+00
2.100606443039755522e+00 2.848256928908980079e+00 5.334892715453491002e-02 1.039531218311513960e+00
2.848256928908980079e+00 3.862012115576700655e+00 5.009231827410680349e-02 9.762480103348825100e-01
3.862012115576700655e+00 5.236584322670087666e+00 4.710284916427215363e-02 9.179314612852952360e-01
5.236584322670087666e+00 7.100395997680434945e+00 4.494464800625062179e-02 8.756584716557432868e-01
7.100395997680434945e+00 9.627577867049382121e+00 4.359212937684489586e-02 8.490730520175683305e-01
9.627577867049382121e+00 1.305423748427261188e+01 4.271059905818806735e-02 8.313597952149475168e-01
1.305423748427261188e+01 1.770051810009568172e+01 4.246973359449965346e-02 8.263410707238669772e-01
1.770051810009568172e+01 2.400050875352008006e+01 4.200549533869866320e-02 8.155134056419020006e-01
2.400050875352008006e+01 3.254279999999999973e+01 4.084774508225286899e-02 7.883543552687795053e-01
