1.000000000000000056e-01 1.355921257095313026e-01 5.058534005457430982e-02 9.783933154429746981e-01
1.355921257095313026e-01 1.838522455442933856e-01 4.802543943619431988e-02 9.230118495627216424e-01
1.838522455442933856e-01 2.492891678982144810e-01 4.556622389220101738e-02 8.773090814515652758e-01
2.492891678982144810e-01 3.380164819167915113e-01 4.466067748385905978e-02 8.661928720179180585e-01
3.380164819167915113e-01 4.583237330795510434e-01 4.589742924038189148e-02 8.920657100051224697e-01
4.583237330795510434e-01 6.214508923138416518e-01 5.040231598361519239e-02 9.813999850362823407e-01
6.214508923138416518e-01 8.426384751291882136e-01 5.795112656393233003e-02 1.128914126975188337e+00
8.426384751291882136e-01 1.142551420474046342e+00 6.222771573097887060e-02 1.212134940858990984e+00
1.142551420474046342e+00 1.549209758345204913e+00 6.103252932505996015e-02 1.189094219730013613e+00
1.549209758345204913e+00 2.100606443039755522e+00 5.727809467213797190e-02 1.115928066237289240e+00
2.100606443039755522e+00 2.848256928908980079e+00 5.324560675713919250e-02 1.037514251966699108e+00
2.848256928908980079e+00 3.862012115576700655e+00 4.996278308133816903e-02 9.736571274976413282e-01
3.862012115576700655e+00 5.236584322670087666e+00 4.694744425744819954e-02 9.147923545827457703e-01
5.236584322670087666e+00 7.100395997680434945e+00 4.488801203245056104e-02 8.746528616248508969e-01
7.100395997680434945e+00 9.627577867049382121e+00 4.360703849014956751e-02 8.495907138193867780e-01
9.627577867049382121e+00 1.305423748427261188e+01 4.265674958242781506e-02 8.307165552611019965e-01
1.305423748427261188e+01 1.770051810009568172e+01 4.261321036244746646e-02 8.293611492525702067e-01
1.770051810009568172e+01 2.400050875352008006e+01 4.232507862004521865e-02 8.224364232087707505e-01
2.400050875352008006e+01 3.254279999999999973e+01 4.128062312266277817e-02 7.981974110674010525e-01
