1.000000000000000056e-01 1.355921257095313026e-01 4.801506568070613989e-02 9.312191810902180622e-01
1.355921257095313026e-01 1.838522455442933856e-01 4.348338412572338302e-02 8.429397347137086438e-01
1.838522455442933856e-01 2.492891678982144810e-01 3.980335365255601582e-02 7.738791312852941751e-01
2.492891678982144810e-01 3.380164819167915113e-01 3.817416583436875760e-02 7.418540126647265032e-01
3.380164819167915113e-01 4.583237330795510434e-01 3.768381117928089330e-02 7.330881660697207147e-01
4.583237330795510434e-01 6.214508923138416518e-01 4.000676595141235137e-02 7.786445481472528130e-01
6.214508923138416518e-01 8.426384751291882136e-01 4.603117184561556635e-02 8.958646771761842320e-01
8.426384751291882136e-01 1.142551420474046342e+00 5.430589183314626228e-02 1.057618148887307097e+00
1.142551420474046342e+00 1.549209758345204913e+00 5.877696002920721613e-02 1.145075819103021697e+00
1.549209758345204913e+00 2.100606443039755522e+00 5.666729603370554424e-02 1.103889618563081099e+00
2.100606443039755522e+00 2.848256928908980079e+00 5.196708155193766054e-02 1.012305940908214685e+00
2.848256928908980079e+00 3.862012115576700655e+00 4.796408128573058371e-02 9.343141811104234140e-01
3.862012115576700655e+00 5.236584322670087666e+00 4.538479381257178036e-02 8.842028295872964572e-01
5.236584322670087666e+00 7.100395997680434945e+00 4.358469256067568770e-02 8.488606076230158504e-01
7.100395997680434945e+00 9.627577867049382121e+00 4.268405924201817275e-02 8.313002082562234163e-01
9.627577867049382121e+00 1.305423748427261188e+01 4.201519334627978192e-02 8.173745809675376783e-01
1.305423748427261188e+01 1.770051810009568172e+01 4.193210631212968692e-02 8.151279950768557381e-01
1.770051810009568172e+01 2.400050875352008006e+01 4.155462566675387215e-02 8.057399252453241179e-01
2.400050875352008006e+01 3.254279999999999973e+01 4.056004336024884166e-02 7.826926088094982026e-01
