1.000000000000000056e-01 1.355921257095313026e-01 4.480537313711548120e-02 8.650118236811964456e-01
1.355921257095313026e-01 1.838522455442933856e-01 4.498179740419987888e-02 8.731312607819285976e-01
1.838522455442933856e-01 2.492891678982144810e-01 4.662575714890739714e-02 9.041867827465808194e-01
2.492891678982144810e-01 3.380164819167915113e-01 4.850772760228500707e-02 9.420821627608959581e-01
3.380164819167915113e-01 4.583237330795510434e-01 5.208355785715799990e-02 1.012552418460839210e+00
4.583237330795510434e-01 6.214508923138416518e-01 5.866601910338942183e-02 1.141790667135645476e+00
6.214508923138416518e-01 8.426384751291882136e-01 6.465978140780957728e-02 1.258962519913175759e+00
8.426384751291882136e-01 1.142551420474046342e+00 6.565289514603310506e-02 1.278943896246767853e+00
1.142551420474046342e+00 1.549209758345204913e+00 6.290117451726941200e-02 1.225661933099597922e+00
1.549209758345204913e+00 2.100606443039755522e+00 5.861079532540550141e-02 1.142301900103245060e+00
2.100606443039755522e+00 2.848256928908980079e+00 5.439398658715109691e-02 1.060051945814866947e+00
2.848256928908980079e+00 3.862012115576700655e+00 5.075863201175668388e-02 9.891379198170827669e-01
3.862012115576700655e+00 5.236584322670087666e+00 4.762171867419699722e-02 9.280078161707763229e-01
5.236584322670087666e+00 7.100395997680434945e+00 4.545831071466715362e-02 8.858366816845798519e-01
7.100395997680434945e+00 9.627577867049382121e+00 4.402899393191192501e-02 8.579674966280446125e-01
9.627577867049382121e+00 1.305423748427261188e+01 4.295091490544129809e-02 8.367836583378281956e-01
1.305423748427261188e+01 1.770051810009568172e+01 4.261829715500541765e-02 8.298851330716762176e-01
1.770051810009568172e+01 2.400050875352008006e+01 4.215179585173410570e-02 8.199013189071684415e-01
2.400050875352008006e+01 3.254279999999999973e+01 4.089257563903992559e-02 7.940618822422593759e-01
