1.000000000000000056e-01 1.355921257095313026e-01 7.129794842310926972e-02 1.345674606601820589e+00
1.355921257095313026e-01 1.838522455442933856e-01 6.417278463370135189e-02 1.234210424242453197e+00
1.838522455442933856e-01 2.492891678982144810e-01 5.887367213118948478e-02 1.143123141924021757e+00
2.492891678982144810e-01 3.380164819167915113e-01 5.635869856789499366e-02 1.096051916598894005e+00
3.380164819167915113e-01 4.583237330795510434e-01 5.602479435338821034e-02 1.088279922722635185e+00
4.583237330795510434e-01 6.214508923138416518e-01 5.849857456689087215e-02 1.136965793054931506e+00
6.214508923138416518e-01 8.426384751291882136e-01 6.130944343343281561e-02 1.192069588556169846e+00
8.426384751291882136e-01 1.142551420474046342e+00 6.080162934930120194e-02 1.184294338645920375e+00
1.142551420474046342e+00 1.549209758345204913e+00 5.848875458573796898e-02 1.139852682418608598e+00
1.549209758345204913e+00 2.100606443039755522e+00 5.592005209614734490e-02 1.089411218085284183e+00
2.100606443039755522e+00 2.848256928908980079e+00 5.283121385488048077e-02 1.029300573135090158e+00
2.848256928908980079e+00 3.862012115576700655e+00 4.960499119663236423e-02 9.665513785581355544e-01
3.862012115576700655e+00 5.236584322670087666e+00 4.662339924579103623e-02 9.084577730777583238e-01
5.236584322670087666e+00 7.100395997680434945e+00 4.465853371352808410e-02 8.701005338690562807e-01
7.100395997680434945e+00 9.627577867049382121e+00 4.350663818844693886e-02 8.474695628135505698e-01
9.627577867049382121e+00 1.305423748427261188e+01 4.274251993366537383e-02 8.324670499496331644e-01
1.305423748427261188e+01 1.770051810009568172e+01 4.257590969209349568e-02 8.285410875674773523e-01
1.770051810009568172e+01 2.400050875352008006e+01 4.206533261332619927e-02 8.177111864090962356e-01
2.400050875352008006e+01 3.254279999999999973e+01 4.086584210371625725e-02 7.919173068824491013e-01
