1.000000000000000056e-01 1.355921257095313026e-01 5.844160259768110127e-02 1.111500132259771068e+00
1.355921257095313026e-01 1.838522455442933856e-01 5.510039474682833227e-02 1.050128788955957404e+00
1.838522455442933856e-01 2.492891678982144810e-01 5.214783191621805147e-02 1.004645765801869928e+00
2.492891678982144810e-01 3.380164819167915113e-01 5.153734094684411099e-02 9.989899933197884385e-01
3.380164819167915113e-01 4.583237330795510434e-01 5.346322331951082474e-02 1.038764732092624987e+00
4.583237330795510434e-01 6.214508923138416518e-01 5.790072815143430807e-02 1.125485047722597942e+00
6.214508923138416518e-01 8.426384751291882136e-01 6.211071397681198342e-02 1.210256207198331380e+00
8.426384751291882136e-01 1.142551420474046342e+00 6.209967978957878915e-02 1.209816817707930037e+00
1.142551420474046342e+00 1.549209758345204913e+00 5.893124117664583217e-02 1.148040278009081261e+00
1.549209758345204913e+00 2.100606443039755522e+00 5.500662893889018967e-02 1.071512620486313239e+00
2.100606443039755522e+00 2.848256928908980079e+00 5.171373955767639974e-02 1.007514467562552030e+00
2.848256928908980079e+00 3.862012115576700655e+00 4.893856835231462366e-02 9.534064402093631596e-01
3.862012115576700655e+00 5.236584322670087666e+00 4.622824684863601624e-02 9.005803992576263406e-01
5.236584322670087666e+00 7.100395997680434945e+00 4.455460827495143217e-02 8.678737478691310736e-01
7.100395997680434945e+00 9.627577867049382121e+00 4.368366409438670384e-02 8.505527871452287503e-01
9.627577867049382121e+00 1.305423748427261188e+01 4.326082064197483978e-02 8.414533867901237141e-01
1.305423748427261188e+01 1.770051810009568172e+01 4.324177823843979723e-02 8.403203157034835336e-01
1.770051810009568172e+01 2.400050875352008006e+01 4.286606066399276799e-02 8.315184912705102516e-01
2.400050875352008006e+01 3.254279999999999973e+01 4.192592733018727508e-02 8.101889026454845988e-01
