1.000000000000000056e-01 1.355921257095313026e-01 7.913914599771620928e-02 1.514527946007629300e+00
1.355921257095313026e-01 1.838522455442933856e-01 7.119572152234802942e-02 1.373988069485699182e+00
1.838522455442933856e-01 2.492891678982144810e-01 6.395226331884330817e-02 1.235651483903317693e+00
2.492891678982144810e-01 3.380164819167915113e-01 5.939828350466650614e-02 1.148849027650459931e+00
3.380164819167915113e-01 4.583237330795510434e-01 5.683347403727841141e-02 1.102385431805737781e+00
4.583237330795510434e-01 6.214508923138416518e-01 5.752368881521608551e-02 1.117470033117669237e+00
6.214508923138416518e-01 8.426384751291882136e-01 5.981101518741929746e-02 1.163140432695530579e+00
8.426384751291882136e-01 1.142551420474046342e+00 5.815545129612394865e-02 1.131935749177639394e+00
1.142551420474046342e+00 1.549209758345204913e+00 5.549534196125877061e-02 1.080992864392610775e+00
1.549209758345204913e+00 2.100606443039755522e+00 5.368000617214901959e-02 1.046067739773409500e+00
2.100606443039755522e+00 2.848256928908980079e+00 5.185368495263642519e-02 1.010485344776614003e+00
2.848256928908980079e+00 3.862012115576700655e+00 4.892218337801636230e-02 9.534671822255599283e-01
3.862012115576700655e+00 5.236584322670087666e+00 4.631031403240438299e-02 9.025552008918062974e-01
5.236584322670087666e+00 7.100395997680434945e+00 4.415145639995191745e-02 8.603364893458467222e-01
7.100395997680434945e+00 9.627577867049382121e+00 4.283493728817570900e-02 8.347124902562335080e-01
9.627577867049382121e+00 1.305423748427261188e+01 4.202377571896347835e-02 8.187423630462270507e-01
1.305423748427261188e+01 1.770051810009568172e+01 4.161161762998368679e-02 8.104588183302160465e-01
1.770051810009568172e+01 2.400050875352008006e+01 4.112611336671623957e-02 8.001684534247635039e-01
2.400050875352008006e+01 3.254279999999999973e+01 3.998024460834798816e-02 7.771340430904203345e-01
