1.000000000000000056e-01 1.355921257095313026e-01 5.796876981506789150e-02 1.116925547278858399e+00
1.355921257095313026e-01 1.838522455442933856e-01 5.424989415116507341e-02 1.049463006549625099e+00
1.838522455442933856e-01 2.492891678982144810e-01 5.071238361349389434e-02 9.853470312814435195e-01
2.492891678982144810e-01 3.380164819167915113e-01 4.987221243597576847e-02 9.671223366442832647e-01
3.380164819167915113e-01 4.583237330795510434e-01 5.140911890422376201e-02 1.001071589490066360e+00
4.583237330795510434e-01 6.214508923138416518e-01 5.717468162247187763e-02 1.113122385166100958e+00
6.214508923138416518e-01 8.426384751291882136e-01 6.307835195964052455e-02 1.229128227297686005e+00
8.426384751291882136e-01 1.142551420474046342e+00 6.414744615245468462e-02 1.249750235114943653e+00
1.142551420474046342e+00 1.549209758345204913e+00 6.121941376244857680e-02 1.192847108823484659e+00
1.549209758345204913e+00 2.100606443039755522e+00 5.706461952543911975e-02 1.112060387355789048e+00
2.100606443039755522e+00 2.848256928908980079e+00 5.329896554536932979e-02 1.038661256109350006e+00
2.848256928908980079e+00 3.862012115576700655e+00 5.001690555872383842e-02 9.747925732639178831e-01
3.862012115576700655e+00 5.236584322670087666e+00 4.710271070030301599e-02 9.179258381968966596e-01
5.236584322670087666e+00 7.100395997680434945e+00 4.505195891147905501e-02 8.778741541170002050e-01
7.100395997680434945e+00 9.627577867049382121e+00 4.382649563151748417e-02 8.538288963279506705e-01
9.627577867049382121e+00 1.305423748427261188e+01 4.283311515472473102e-02 8.343154704923432252e-01
1.305423748427261188e+01 1.770051810009568172e+01 4.253129556597896183e-02 8.278921772668116352e-01
1.770051810009568172e+01 2.400050875352008006e+01 4.204370000067925855e-02 8.169460944676523173e-01
2.400050875352008006e+01 3.254279999999999973e+01 4.086866253033055729e-02 7.908483963359590474e-01
