1.000000000000000056e-01 1.355921257095313026e-01 5.155078278338239006e-02 9.910895681759587239e-01
1.355921257095313026e-01 1.838522455442933856e-01 4.605516485527860748e-02 8.880379416394997838e-01
1.838522455442933856e-01 2.492891678982144810e-01 4.472748212566006465e-02 8.637498658439606292e-01
2.492891678982144810e-01 3.380164819167915113e-01 4.436407593436356156e-02 8.617220793441230375e-01
3.380164819167915113e-01 4.583237330795510434e-01 4.679057492727056039e-02 9.087161318477872118e-01
4.583237330795510434e-01 6.214508923138416518e-01 5.256926802304205670e-02 1.022205563432291742e+00
6.214508923138416518e-01 8.426384751291882136e-01 5.901531718766404172e-02 1.149399668977039601e+00
8.426384751291882136e-01 1.142551420474046342e+00 6.262466202048572184e-02 1.219559063249974873e+00
1.142551420474046342e+00 1.549209758345204913e+00 6.216320364578039465e-02 1.210750516825893408e+00
1.549209758345204913e+00 2.100606443039755522e+00 5.781923766110749069e-02 1.126293860541618175e+00
2.100606443039755522e+00 2.848256928908980079e+00 5.317699331850762878e-02 1.035919954136814036e+00
2.848256928908980079e+00 3.862012115576700655e+00 4.972447742119001646e-02 9.688673579479436526e-01
3.862012115576700655e+00 5.236584322670087666e+00 4.688567986510139979e-02 9.134187114144182162e-01
5.236584322670087666e+00 7.100395997680434945e+00 4.489152053332987058e-02 8.744289577760046006e-01
7.100395997680434945e+00 9.627577867049382121e+00 4.373963560776564230e-02 8.517338083171390739e-01
9.627577867049382121e+00 1.305423748427261188e+01 4.283374056124775869e-02 8.333997852726375832e-01
1.305423748427261188e+01 1.770051810009568172e+01 4.264204329660196968e-02 8.288405944142708259e-01
1.770051810009568172e+01 2.400050875352008006e+01 4.219152484015407240e-02 8.181244405531862274e-01
2.400050875352008006e+01 3.254279999999999973e+01 4.133309600070166068e-02 7.960933254040941653e-01
