1.000000000000000056e-01 1.355921257095313026e-01 3.838124515406714232e-02 7.421491981297944074e-01
1.355921257095313026e-01 1.838522455442933856e-01 3.749261116843604497e-02 7.288188077254995623e-01
1.838522455442933856e-01 2.492891678982144810e-01 3.730168854500215403e-02 7.252826183055774978e-01
2.492891678982144810e-01 3.380164819167915113e-01 3.759784340119214779e-02 7.321975286804631722e-01
3.380164819167915113e-01 4.583237330795510434e-01 3.886899192579730544e-02 7.559331513447030693e-01
4.583237330795510434e-01 6.214508923138416518e-01 4.182274926731983922e-02 8.137242625236451588e-01
6.214508923138416518e-01 8.426384751291882136e-01 4.649733041482678048e-02 9.050555907456330207e-01
8.426384751291882136e-01 1.142551420474046342e+00 5.228206251429034362e-02 1.018373451949526221e+00
1.142551420474046342e+00 1.549209758345204913e+00 5.641384154858770233e-02 1.099216247886591225e+00
1.549209758345204913e+00 2.100606443039755522e+00 5.687530815753498448e-02 1.108124518864511909e+00
2.100606443039755522e+00 2.848256928908980079e+00 5.410064420203516966e-02 1.054248788778675117e+00
2.848256928908980079e+00 3.862012115576700655e+00 4.956098571209300446e-02 9.655558964337823680e-01
3.862012115576700655e+00 5.236584322670087666e+00 4.601513458548161378e-02 8.967045053462210369e-01
5.236584322670087666e+00 7.100395997680434945e+00 4.365256122178953063e-02 8.505979749053044214e-01
7.100395997680434945e+00 9.627577867049382121e+00 4.242310277973484339e-02 8.265768855947298599e-01
9.627577867049382121e+00 1.305423748427261188e+01 4.161059226248336324e-02 8.107251646466437922e-01
1.305423748427261188e+01 1.770051810009568172e+01 4.138807986307498771e-02 8.058297591536767168e-01
1.770051810009568172e+01 2.400050875352008006e+01 4.095704292183095091e-02 7.965477752374479081e-01
2.400050875352008006e+01 3.254279999999999973e+01 3.957937590518327553e-02 7.664035655013470283e-01
