1.000000000000000056e-01 1.355921257095313026e-01 4.747277548387792562e-02 9.002409937651140170e-01
1.355921257095313026e-01 1.838522455442933856e-01 4.548508584208391103e-02 8.717261570204216659e-01
1.838522455442933856e-01 2.492891678982144810e-01 4.452265170212067746e-02 8.549974826505617465e-01
2.492891678982144810e-01 3.380164819167915113e-01 4.428236102300334848e-02 8.576278251865276925e-01
3.380164819167915113e-01 4.583237330795510434e-01 4.602119204514504291e-02 8.956844771802172644e-01
4.583237330795510434e-01 6.214508923138416518e-01 5.081205636145150195e-02 9.899145716653853233e-01
6.214508923138416518e-01 8.426384751291882136e-01 5.867199460975442565e-02 1.142789836970591999e+00
8.426384751291882136e-01 1.142551420474046342e+00 6.228561287367109789e-02 1.212894511117146967e+00
1.142551420474046342e+00 1.549209758345204913e+00 6.111187906594595098e-02 1.190777134003226045e+00
1.549209758345204913e+00 2.100606443039755522e+00 5.749599959664541265e-02 1.120460488258354204e+00
2.100606443039755522e+00 2.848256928908980079e+00 5.343745576638385397e-02 1.041358094239360321e+00
2.848256928908980079e+00 3.862012115576700655e+00 5.006512821336551317e-02 9.757963478172165805e-01
3.862012115576700655e+00 5.236584322670087666e+00 4.698654788023876039e-02 9.156962718326325801e-01
5.236584322670087666e+00 7.100395997680434945e+00 4.498928487257264353e-02 8.767171082752907019e-01
7.100395997680434945e+00 9.627577867049382121e+00 4.367621854744297566e-02 8.510702692274538794e-01
9.627577867049382121e+00 1.305423748427261188e+01 4.268638048351718062e-02 8.315798777066016889e-01
1.305423748427261188e+01 1.770051810009568172e+01 4.262199074063374032e-02 8.299406523354643239e-01
1.770051810009568172e+01 2.400050875352008006e+01 4.237438942254916768e-02 8.240492037447696427e-01
2.400050875352008006e+01 3.254279999999999973e+01 4.127322968219990229e-02 8.000702618748145589e-01
