1.000000000000000056e-01 1.355921257095313026e-01 4.820988742713995523e-02 9.316462971652702540e-01
1.355921257095313026e-01 1.838522455442933856e-01 4.603708376734366725e-02 8.920929668878794239e-01
1.838522455442933856e-01 2.492891678982144810e-01 4.447513351099358775e-02 8.635285134185417544e-01
2.492891678982144810e-01 3.380164819167915113e-01 4.360378690042146510e-02 8.473672868812278658e-01
3.380164819167915113e-01 4.583237330795510434e-01 4.418510851792312177e-02 8.595159732659714003e-01
4.583237330795510434e-01 6.214508923138416518e-01 4.733768129363357530e-02 9.207402996191152988e-01
6.214508923138416518e-01 8.426384751291882136e-01 5.307680422424861100e-02 1.033360932137012300e+00
8.426384751291882136e-01 1.142551420474046342e+00 5.725704828659677892e-02 1.115124442686678430e+00
1.142551420474046342e+00 1.549209758345204913e+00 5.769296346033651185e-02 1.123674741202967509e+00
1.549209758345204913e+00 2.100606443039755522e+00 5.590347738513448683e-02 1.089379140849507710e+00
2.100606443039755522e+00 2.848256928908980079e+00 5.312208056308159732e-02 1.035287521521491838e+00
2.848256928908980079e+00 3.862012115576700655e+00 4.935420558924784318e-02 9.619505540824574430e-01
3.862012115576700655e+00 5.236584322670087666e+00 4.635361214089755294e-02 9.034622858619537622e-01
5.236584322670087666e+00 7.100395997680434945e+00 4.407682874013363339e-02 8.590602686403667754e-01
7.100395997680434945e+00 9.627577867049382121e+00 4.275980107361213728e-02 8.334135898862936598e-01
9.627577867049382121e+00 1.305423748427261188e+01 4.184486027240660877e-02 8.155322382518109814e-01
1.305423748427261188e+01 1.770051810009568172e+01 4.138910485300397596e-02 8.065294390968434923e-01
1.770051810009568172e+01 2.400050875352008006e+01 4.079585558025902725e-02 7.944930497414259829e-01
2.400050875352008006e+01 3.254279999999999973e+01 3.961982307754419175e-02 7.702602517678815985e-01
