1.000000000000000056e-01 1.355921257095313026e-01 5.321908173177442025e-02 1.013075877582015449e+00
1.355921257095313026e-01 1.838522455442933856e-01 5.205483816618895060e-02 1.002766295060217194e+00
1.838522455442933856e-01 2.492891678982144810e-01 5.081337315794722670e-02 9.822156026090176351e-01
2.492891678982144810e-01 3.380164819167915113e-01 5.081208318748849789e-02 9.860353237772621071e-01
3.380164819167915113e-01 4.583237330795510434e-01 5.276422204407027472e-02 1.026644794801024885e+00
4.583237330795510434e-01 6.214508923138416518e-01 5.738002562345708574e-02 1.116533389206378235e+00
6.214508923138416518e-01 8.426384751291882136e-01 6.329330524251125523e-02 1.231931344293349939e+00
8.426384751291882136e-01 1.142551420474046342e+00 6.433246731590210044e-02 1.253060255170950432e+00
1.142551420474046342e+00 1.549209758345204913e+00 6.134552310827245947e-02 1.195175569330391152e+00
1.549209758345204913e+00 2.100606443039755522e+00 5.744138886247118075e-02 1.119249628632691618e+00
2.100606443039755522e+00 2.848256928908980079e+00 5.350596730226839237e-02 1.042729800577114840e+00
2.848256928908980079e+00 3.862012115576700655e+00 5.031140645316931059e-02 9.805056733076930042e-01
3.862012115576700655e+00 5.236584322670087666e+00 4.725590312809099108e-02 9.208782685131663426e-01
5.236584322670087666e+00 7.100395997680434945e+00 4.510325944740659759e-02 8.788520820900498354e-01
7.100395997680434945e+00 9.627577867049382121e+00 4.376033834244636572e-02 8.524029192760479434e-01
9.627577867049382121e+00 1.305423748427261188e+01 4.284613879247325952e-02 8.344331851132873457e-01
1.305423748427261188e+01 1.770051810009568172e+01 4.257843720237033946e-02 8.290187746578586703e-01
1.770051810009568172e+01 2.400050875352008006e+01 4.213016938262648808e-02 8.191054773825962032e-01
2.400050875352008006e+01 3.254279999999999973e+01 4.097263042950055612e-02 7.938616992584198728e-01
