1.000000000000000056e-01 1.355921257095313026e-01 2.622562263975720953e-02 5.071170735827991161e-01
1.355921257095313026e-01 1.838522455442933856e-01 2.855327903716565335e-02 5.528931153258084263e-01
1.838522455442933856e-01 2.492891678982144810e-01 3.090085476793780553e-02 5.998624165611604608e-01
2.492891678982144810e-01 3.380164819167915113e-01 3.396644835912963206e-02 6.592913611629174220e-01
3.380164819167915113e-01 4.583237330795510434e-01 3.806366597007510705e-02 7.405835245220553364e-01
4.583237330795510434e-01 6.214508923138416518e-01 4.393544057122510810e-02 8.549893372914584289e-01
6.214508923138416518e-01 8.426384751291882136e-01 5.123754592933314062e-02 9.972496612648825698e-01
8.426384751291882136e-01 1.142551420474046342e+00 5.816614464849171467e-02 1.133036018967533698e+00
1.142551420474046342e+00 1.549209758345204913e+00 6.261927911395223645e-02 1.219940148289458515e+00
1.549209758345204913e+00 2.100606443039755522e+00 6.016590353539345154e-02 1.172256870482488278e+00
2.100606443039755522e+00 2.848256928908980079e+00 5.472535996366239414e-02 1.066608309352570005e+00
2.848256928908980079e+00 3.862012115576700655e+00 5.006065697122608765e-02 9.755205659071534141e-01
3.862012115576700655e+00 5.236584322670087666e+00 4.646809200124938505e-02 9.054622845092533678e-01
5.236584322670087666e+00 7.100395997680434945e+00 4.413706465744292318e-02 8.600300333770856120e-01
7.100395997680434945e+00 9.627577867049382121e+00 4.273905291891718500e-02 8.326414058373764471e-01
9.627577867049382121e+00 1.305423748427261188e+01 4.182037418351219199e-02 8.147549777865428222e-01
1.305423748427261188e+01 1.770051810009568172e+01 4.147917045557573262e-02 8.078012423352961546e-01
1.770051810009568172e+01 2.400050875352008006e+01 4.089174889778234706e-02 7.956867643556836400e-01
2.400050875352008006e+01 3.254279999999999973e+01 3.955817673741587881e-02 7.690650845777927680e-01
