1.000000000000000056e-01 1.355921257095313026e-01 4.438938972626544494e-02 8.554462328490683998e-01
1.355921257095313026e-01 1.838522455442933856e-01 4.291083735557970485e-02 8.271767715700757417e-01
1.838522455442933856e-01 2.492891678982144810e-01 4.225931187492266983e-02 8.174024662690108078e-01
2.492891678982144810e-01 3.380164819167915113e-01 4.247109197862582869e-02 8.249886774775800902e-01
3.380164819167915113e-01 4.583237330795510434e-01 4.469806409137569436e-02 8.698592584997306698e-01
4.583237330795510434e-01 6.214508923138416518e-01 5.037396620488823751e-02 9.802567297267945623e-01
6.214508923138416518e-01 8.426384751291882136e-01 5.806320595385576488e-02 1.131045149108835579e+00
8.426384751291882136e-01 1.142551420474046342e+00 6.255570889292598469e-02 1.218773309886635126e+00
1.142551420474046342e+00 1.549209758345204913e+00 6.352295759541655429e-02 1.238062089899488738e+00
1.549209758345204913e+00 2.100606443039755522e+00 5.955425191823530279e-02 1.160624999130385637e+00
2.100606443039755522e+00 2.848256928908980079e+00 5.433023647242919002e-02 1.058770846293093149e+00
2.848256928908980079e+00 3.862012115576700655e+00 5.047079100315446376e-02 9.835425165130992076e-01
3.862012115576700655e+00 5.236584322670087666e+00 4.743653792195275110e-02 9.243631914511433179e-01
5.236584322670087666e+00 7.100395997680434945e+00 4.515350635848407873e-02 8.798719364573427404e-01
7.100395997680434945e+00 9.627577867049382121e+00 4.382111078547397398e-02 8.537704360539482007e-01
9.627577867049382121e+00 1.305423748427261188e+01 4.262043195880624996e-02 8.304243520837437664e-01
1.305423748427261188e+01 1.770051810009568172e+01 4.236210892189725546e-02 8.245693390277987200e-01
1.770051810009568172e+01 2.400050875352008006e+01 4.170409290473779673e-02 8.110805326497176893e-01
2.400050875352008006e+01 3.254279999999999973e+01 4.024343088546052799e-02 7.800489450250952528e-01
