1.000000000000000056e-01 1.355921257095313026e-01 4.832101011964715087e-02 9.317014185407530569e-01
1.355921257095313026e-01 1.838522455442933856e-01 4.552784454408170811e-02 8.811519067891037116e-01
1.838522455442933856e-01 2.492891678982144810e-01 4.407613688826410303e-02 8.474384418513810635e-01
2.492891678982144810e-01 3.380164819167915113e-01 4.284731182666224464e-02 8.301413637462504713e-01
3.380164819167915113e-01 4.583237330795510434e-01 4.319753420233349295e-02 8.380559859359330011e-01
4.583237330795510434e-01 6.214508923138416518e-01 4.612263815117575300e-02 8.971339485931973945e-01
6.214508923138416518e-01 8.426384751291882136e-01 5.221595281092007712e-02 1.016738488498903470e+00
8.426384751291882136e-01 1.142551420474046342e+00 5.865231135651650246e-02 1.142597141465210742e+00
1.142551420474046342e+00 1.549209758345204913e+00 6.019643899311865470e-02 1.172958612912320842e+00
1.549209758345204913e+00 2.100606443039755522e+00 5.733896082158151941e-02 1.117206440008522650e+00
2.100606443039755522e+00 2.848256928908980079e+00 5.359202340327452047e-02 1.044305124094865089e+00
2.848256928908980079e+00 3.862012115576700655e+00 4.939266623821938346e-02 9.626443481715822870e-01
3.862012115576700655e+00 5.236584322670087666e+00 4.645744652946179332e-02 9.054654607327964344e-01
5.236584322670087666e+00 7.100395997680434945e+00 4.419216955916804856e-02 8.613266289205463444e-01
7.100395997680434945e+00 9.627577867049382121e+00 4.287404537030495288e-02 8.355977519773923889e-01
9.627577867049382121e+00 1.305423748427261188e+01 4.190880241036532006e-02 8.165424270817097652e-01
1.305423748427261188e+01 1.770051810009568172e+01 4.150692720029843658e-02 8.083221173602436194e-01
1.770051810009568172e+01 2.400050875352008006e+01 4.096541543967314319e-02 7.967376455778176769e-01
2.400050875352008006e+01 3.254279999999999973e+01 3.986118022454185339e-02 7.717042966340217358e-01
