1.000000000000000056e-01 1.355921257095313026e-01 8.162336549404075603e-02 1.571153776729544482e+00
1.355921257095313026e-01 1.838522455442933856e-01 7.839263691632503139e-02 1.515525913759663501e+00
1.838522455442933856e-01 2.492891678982144810e-01 7.409325164180968759e-02 1.433184983012103064e+00
2.492891678982144810e-01 3.380164819167915113e-01 6.904129674125797367e-02 1.339704091266630925e+00
3.380164819167915113e-01 4.583237330795510434e-01 6.379642869047597031e-02 1.239716261469056446e+00
4.583237330795510434e-01 6.214508923138416518e-01 5.652773589861557341e-02 1.098834581079735528e+00
6.214508923138416518e-01 8.426384751291882136e-01 5.099375923998558657e-02 9.925980084233055889e-01
8.426384751291882136e-01 1.142551420474046342e+00 5.258540296928146396e-02 1.024516550712763152e+00
1.142551420474046342e+00 1.549209758345204913e+00 5.639449492940726977e-02 1.098842149575111060e+00
1.549209758345204913e+00 2.100606443039755522e+00 5.649921745014816615e-02 1.101008198907953650e+00
2.100606443039755522e+00 2.848256928908980079e+00 5.371675047253894608e-02 1.046809995551162498e+00
2.848256928908980079e+00 3.862012115576700655e+00 4.977819709408151660e-02 9.699931261076416567e-01
3.862012115576700655e+00 5.236584322670087666e+00 4.695068343368704461e-02 9.148463622800334649e-01
5.236584322670087666e+00 7.100395997680434945e+00 4.461458190605980395e-02 8.693097649673348082e-01
7.100395997680434945e+00 9.627577867049382121e+00 4.309984227446573418e-02 8.395215714654119532e-01
9.627577867049382121e+00 1.305423748427261188e+01 4.204144604032516302e-02 8.187356781048326093e-01
1.305423748427261188e+01 1.770051810009568172e+01 4.148360593650008560e-02 8.073981612126226448e-01
1.770051810009568172e+01 2.400050875352008006e+01 4.072376551860242000e-02 7.917447006067377391e-01
2.400050875352008006e+01 3.254279999999999973e+01 3.958570867120065478e-02 7.671357857944013370e-01
