1.000000000000000056e-01 1.355921257095313026e-01 4.397047125985977661e-02 8.372326540423359331e-01
1.355921257095313026e-01 1.838522455442933856e-01 4.352365395379684254e-02 8.317836096229702658e-01
1.838522455442933856e-01 2.492891678982144810e-01 4.299356056557239458e-02 8.285188782745570579e-01
2.492891678982144810e-01 3.380164819167915113e-01 4.351443314942078644e-02 8.375727956155429865e-01
3.380164819167915113e-01 4.583237330795510434e-01 4.529809739498733001e-02 8.793675267393666894e-01
4.583237330795510434e-01 6.214508923138416518e-01 5.041779771355916345e-02 9.790706807795162003e-01
6.214508923138416518e-01 8.426384751291882136e-01 5.718758939250939005e-02 1.113234619330165431e+00
8.426384751291882136e-01 1.142551420474046342e+00 6.002770404713148739e-02 1.168871412843959900e+00
1.142551420474046342e+00 1.549209758345204913e+00 5.976448129156532868e-02 1.164309242273700695e+00
1.549209758345204913e+00 2.100606443039755522e+00 5.792733797280258390e-02 1.128793319110314997e+00
2.100606443039755522e+00 2.848256928908980079e+00 5.444189263406407769e-02 1.061004076446023570e+00
2.848256928908980079e+00 3.862012115576700655e+00 5.060356622916315633e-02 9.861696574126150860e-01
3.862012115576700655e+00 5.236584322670087666e+00 4.727046612643039103e-02 9.212479967462481323e-01
5.236584322670087666e+00 7.100395997680434945e+00 4.491074214017728994e-02 8.752408430643504600e-01
7.100395997680434945e+00 9.627577867049382121e+00 4.352763252910960695e-02 8.481317467451585657e-01
9.627577867049382121e+00 1.305423748427261188e+01 4.230212551981070435e-02 8.243595214091329337e-01
1.305423748427261188e+01 1.770051810009568172e+01 4.196243928065512829e-02 8.172874468127884207e-01
1.770051810009568172e+01 2.400050875352008006e+01 4.141325691411274629e-02 8.060396398235157855e-01
2.400050875352008006e+01 3.254279999999999973e+01 3.982632788919959060e-02 7.739276191024651030e-01
