1.000000000000000056e-01 1.355921257095313026e-01 4.757535893555411149e-02 9.144512364274755001e-01
1.355921257095313026e-01 1.838522455442933856e-01 4.526686946310994747e-02 8.766361763397566564e-01
1.838522455442933856e-01 2.492891678982144810e-01 4.404416318701091793e-02 8.511438150876343700e-01
2.492891678982144810e-01 3.380164819167915113e-01 4.363876348948395045e-02 8.465440538671332726e-01
3.380164819167915113e-01 4.583237330795510434e-01 4.586231290511336850e-02 8.921340390365352091e-01
4.583237330795510434e-01 6.214508923138416518e-01 5.102634058737212652e-02 9.932698119370052536e-01
6.214508923138416518e-01 8.426384751291882136e-01 5.671397814836836443e-02 1.104839536531685207e+00
8.426384751291882136e-01 1.142551420474046342e+00 6.088182052031080455e-02 1.185981201860671019e+00
1.142551420474046342e+00 1.549209758345204913e+00 6.185965639344520595e-02 1.205043248881137119e+00
1.549209758345204913e+00 2.100606443039755522e+00 5.820992561079246091e-02 1.134208989576393156e+00
2.100606443039755522e+00 2.848256928908980079e+00 5.357939713960481465e-02 1.043794010714017340e+00
2.848256928908980079e+00 3.862012115576700655e+00 4.988177248692697574e-02 9.719916982732678123e-01
3.862012115576700655e+00 5.236584322670087666e+00 4.672312600703431434e-02 9.103122303785250446e-01
5.236584322670087666e+00 7.100395997680434945e+00 4.468252820087736943e-02 8.706904711980834044e-01
7.100395997680434945e+00 9.627577867049382121e+00 4.345853792440786817e-02 8.467097102598927227e-01
9.627577867049382121e+00 1.305423748427261188e+01 4.268295205756824501e-02 8.312744204091028211e-01
1.305423748427261188e+01 1.770051810009568172e+01 4.228499998000166682e-02 8.231264287558333059e-01
1.770051810009568172e+01 2.400050875352008006e+01 4.170492033506987412e-02 8.111970413481999209e-01
2.400050875352008006e+01 3.254279999999999973e+01 4.020764949013769241e-02 7.796702133964629189e-01
