1.000000000000000056e-01 1.355921257095313026e-01 4.997765432868956498e-02 9.673436541723693383e-01
1.355921257095313026e-01 1.838522455442933856e-01 4.985246983115106112e-02 9.636275128512414856e-01
1.838522455442933856e-01 2.492891678982144810e-01 5.038662970999192858e-02 9.761693351720829304e-01
2.492891678982144810e-01 3.380164819167915113e-01 5.054285853698281539e-02 9.815041736964474905e-01
3.380164819167915113e-01 4.583237330795510434e-01 5.159848001201262219e-02 1.003274386114804129e+00
4.583237330795510434e-01 6.214508923138416518e-01 5.431835837467218625e-02 1.057048058370279042e+00
6.214508923138416518e-01 8.426384751291882136e-01 5.794638226740460307e-02 1.128523123678963458e+00
8.426384751291882136e-01 1.142551420474046342e+00 5.775443455798772580e-02 1.124217877694414947e+00
1.142551420474046342e+00 1.549209758345204913e+00 5.645944263238265176e-02 1.099315181925446527e+00
1.549209758345204913e+00 2.100606443039755522e+00 5.429792179956762638e-02 1.057932084646614035e+00
2.100606443039755522e+00 2.848256928908980079e+00 5.131136824652355460e-02 9.996847474467102090e-01
2.848256928908980079e+00 3.862012115576700655e+00 4.870174713168018421e-02 9.489086277031325567e-01
3.862012115576700655e+00 5.236584322670087666e+00 4.572803272006158160e-02 8.911138831504780144e-01
5.236584322670087666e+00 7.100395997680434945e+00 4.394813420252451780e-02 8.562914654583254626e-01
7.100395997680434945e+00 9.627577867049382121e+00 4.289549135010092135e-02 8.355612266957113121e-01
9.627577867049382121e+00 1.305423748427261188e+01 4.227296083194991005e-02 8.230583695248103737e-01
1.305423748427261188e+01 1.770051810009568172e+01 4.232492834179758107e-02 8.239928548268782293e-01
1.770051810009568172e+01 2.400050875352008006e+01 4.191753061713113931e-02 8.147675303822393689e-01
2.400050875352008006e+01 3.254279999999999973e+01 4.065635586038227056e-02 7.857617635034845893e-01
