1.000000000000000056e-01 1.355921257095313026e-01 4.904115193390824745e-02 9.397918522425869892e-01
1.355921257095313026e-01 1.838522455442933856e-01 4.705541681891590999e-02 9.094650722142736399e-01
1.838522455442933856e-01 2.492891678982144810e-01 4.603305099987711063e-02 8.923657883904771992e-01
2.492891678982144810e-01 3.380164819167915113e-01 4.652089491838221069e-02 9.031317868231619750e-01
3.380164819167915113e-01 4.583237330795510434e-01 4.966911363398286011e-02 9.650784868757021906e-01
4.583237330795510434e-01 6.214508923138416518e-01 5.535708244945954787e-02 1.077151100571164033e+00
6.214508923138416518e-01 8.426384751291882136e-01 6.185623783255807251e-02 1.202747042357420471e+00
8.426384751291882136e-01 1.142551420474046342e+00 6.650348468070128860e-02 1.295097659563516634e+00
1.142551420474046342e+00 1.549209758345204913e+00 6.418277999828066183e-02 1.249866152781044404e+00
1.549209758345204913e+00 2.100606443039755522e+00 5.878739589740407390e-02 1.145458940860750063e+00
2.100606443039755522e+00 2.848256928908980079e+00 5.404501997754610626e-02 1.052933984123277655e+00
2.848256928908980079e+00 3.862012115576700655e+00 5.061140820690852860e-02 9.862161899299684009e-01
3.862012115576700655e+00 5.236584322670087666e+00 4.774795992581606224e-02 9.303337905214854597e-01
5.236584322670087666e+00 7.100395997680434945e+00 4.565922858923266575e-02 8.895360323939316416e-01
7.100395997680434945e+00 9.627577867049382121e+00 4.426733288991387127e-02 8.621481040190287493e-01
9.627577867049382121e+00 1.305423748427261188e+01 4.329951870119005952e-02 8.430176724232842922e-01
1.305423748427261188e+01 1.770051810009568172e+01 4.263248029885452484e-02 8.297208182075457295e-01
1.770051810009568172e+01 2.400050875352008006e+01 4.199535878019800689e-02 8.153660625551443220e-01
2.400050875352008006e+01 3.254279999999999973e+01 4.050279465167099663e-02 7.819177029139001700e-01
