1.000000000000000056e-01 1.355921257095313026e-01 3.448585281049647289e-02 6.643279055044684078e-01
1.355921257095313026e-01 1.838522455442933856e-01 3.583985820092343982e-02 6.936530498164090730e-01
1.838522455442933856e-01 2.492891678982144810e-01 3.784521761963613451e-02 7.346556974359411685e-01
2.492891678982144810e-01 3.380164819167915113e-01 4.093114963216101104e-02 7.942194919192370195e-01
3.380164819167915113e-01 4.583237330795510434e-01 4.563159862659296045e-02 8.857859623957388129e-01
4.583237330795510434e-01 6.214508923138416518e-01 5.172465772395842126e-02 1.005163843080841612e+00
6.214508923138416518e-01 8.426384751291882136e-01 5.777238914444271511e-02 1.124708128054857204e+00
8.426384751291882136e-01 1.142551420474046342e+00 6.151931635747688587e-02 1.198064087300427127e+00
1.142551420474046342e+00 1.549209758345204913e+00 6.141054569957506842e-02 1.196374730422036681e+00
1.549209758345204913e+00 2.100606443039755522e+00 5.767896874669338481e-02 1.123586460410537446e+00
2.100606443039755522e+00 2.848256928908980079e+00 5.293578201942836930e-02 1.031380217870928151e+00
2.848256928908980079e+00 3.862012115576700655e+00 4.943591243575665845e-02 9.633063771162534428e-01
3.862012115576700655e+00 5.236584322670087666e+00 4.678561909271648084e-02 9.116091290220871279e-01
5.236584322670087666e+00 7.100395997680434945e+00 4.495741906639472846e-02 8.758053121558257992e-01
7.100395997680434945e+00 9.627577867049382121e+00 4.399585547640139788e-02 8.570876533504240280e-01
9.627577867049382121e+00 1.305423748427261188e+01 4.336384129906544621e-02 8.443964460080265466e-01
1.305423748427261188e+01 1.770051810009568172e+01 4.333749291888389088e-02 8.434225569344602214e-01
1.770051810009568172e+01 2.400050875352008006e+01 4.311023695507654879e-02 8.380478695969476588e-01
2.400050875352008006e+01 3.254279999999999973e+01 4.178065189609360408e-02 8.088916003845812996e-01
