1.000000000000000056e-01 1.355921257095313026e-01 6.264732876158299324e-02 1.208463238936569040e+00
1.355921257095313026e-01 1.838522455442933856e-01 5.689121467523507170e-02 1.099359561866856572e+00
1.838522455442933856e-01 2.492891678982144810e-01 5.257535087166242266e-02 1.019542571094032901e+00
2.492891678982144810e-01 3.380164819167915113e-01 4.941010326311001677e-02 9.609145707012505255e-01
3.380164819167915113e-01 4.583237330795510434e-01 4.832340547473078229e-02 9.404487941875484536e-01
4.583237330795510434e-01 6.214508923138416518e-01 4.939156824868188439e-02 9.615839540962713983e-01
6.214508923138416518e-01 8.426384751291882136e-01 5.208735783069928793e-02 1.014036620433956370e+00
8.426384751291882136e-01 1.142551420474046342e+00 5.414920380375514569e-02 1.053870080739542692e+00
1.142551420474046342e+00 1.549209758345204913e+00 5.479804433315607626e-02 1.067131913066925009e+00
1.549209758345204913e+00 2.100606443039755522e+00 5.335976538824831195e-02 1.039658724814969126e+00
2.100606443039755522e+00 2.848256928908980079e+00 5.046417847739888274e-02 9.833356950864343693e-01
2.848256928908980079e+00 3.862012115576700655e+00 4.768516594548601745e-02 9.292832954040787241e-01
3.862012115576700655e+00 5.236584322670087666e+00 4.536516673956560858e-02 8.840478636700996873e-01
5.236584322670087666e+00 7.100395997680434945e+00 4.381963985934057143e-02 8.537005614990634816e-01
7.100395997680434945e+00 9.627577867049382121e+00 4.284090392363705535e-02 8.346687742772974650e-01
9.627577867049382121e+00 1.305423748427261188e+01 4.238848710717513235e-02 8.258194960288511854e-01
1.305423748427261188e+01 1.770051810009568172e+01 4.210707786383210971e-02 8.200915772472415766e-01
1.770051810009568172e+01 2.400050875352008006e+01 4.168267328838842767e-02 8.112604171191446500e-01
2.400050875352008006e+01 3.254279999999999973e+01 4.037323225307456326e-02 7.848621947416724032e-01
