1.000000000000000056e-01 1.355921257095313026e-01 6.143470182418343806e-02 1.187606121398906422e+00
1.355921257095313026e-01 1.838522455442933856e-01 5.649923768316920253e-02 1.099168984360186174e+00
1.838522455442933856e-01 2.492891678982144810e-01 5.324029142569275397e-02 1.035413557643490856e+00
2.492891678982144810e-01 3.380164819167915113e-01 5.028694228385990894e-02 9.787087856809867370e-01
3.380164819167915113e-01 4.583237330795510434e-01 4.915301077348350339e-02 9.563843630390355122e-01
4.583237330795510434e-01 6.214508923138416518e-01 5.006833716767170039e-02 9.739585465261967334e-01
6.214508923138416518e-01 8.426384751291882136e-01 5.209116731661874583e-02 1.013790542151668195e+00
8.426384751291882136e-01 1.142551420474046342e+00 5.431966699248440972e-02 1.057518856205177160e+00
1.142551420474046342e+00 1.549209758345204913e+00 5.498739361421415422e-02 1.070563149317199647e+00
1.549209758345204913e+00 2.100606443039755522e+00 5.364891003523548224e-02 1.045346098629682308e+00
2.100606443039755522e+00 2.848256928908980079e+00 5.095081836459216390e-02 9.927616082698820232e-01
2.848256928908980079e+00 3.862012115576700655e+00 4.781308741438317772e-02 9.316446282326577011e-01
3.862012115576700655e+00 5.236584322670087666e+00 4.564433398658767488e-02 8.893607814713886395e-01
5.236584322670087666e+00 7.100395997680434945e+00 4.390636422639499631e-02 8.554737064831657856e-01
7.100395997680434945e+00 9.627577867049382121e+00 4.306702255706854054e-02 8.388020431949914091e-01
9.627577867049382121e+00 1.305423748427261188e+01 4.257620324658621669e-02 8.289615645307226721e-01
1.305423748427261188e+01 1.770051810009568172e+01 4.267840220441758425e-02 8.308002653848538532e-01
1.770051810009568172e+01 2.400050875352008006e+01 4.235309488620053742e-02 8.231468841294313776e-01
2.400050875352008006e+01 3.254279999999999973e+01 4.139252532459369166e-02 7.993098434428979049e-01
