1.000000000000000056e-01 1.355921257095313026e-01 3.035562445903817672e-02 5.903061334646135805e-01
1.355921257095313026e-01 1.838522455442933856e-01 3.223129524028001125e-02 6.270754481433189476e-01
1.838522455442933856e-01 2.492891678982144810e-01 3.483875294884665463e-02 6.776649993760318624e-01
2.492891678982144810e-01 3.380164819167915113e-01 3.791740594002585701e-02 7.381630982380517070e-01
3.380164819167915113e-01 4.583237330795510434e-01 4.182405473924362405e-02 8.149471158615901878e-01
4.583237330795510434e-01 6.214508923138416518e-01 4.783858632029183017e-02 9.315737960652558103e-01
6.214508923138416518e-01 8.426384751291882136e-01 6.117092031619995873e-02 1.191631169677979107e+00
8.426384751291882136e-01 1.142551420474046342e+00 7.916545412499820245e-02 1.542125420101678523e+00
1.142551420474046342e+00 1.549209758345204913e+00 7.425366281935859292e-02 1.447026524250682122e+00
1.549209758345204913e+00 2.100606443039755522e+00 6.300749040507701293e-02 1.227970771983406983e+00
2.100606443039755522e+00 2.848256928908980079e+00 5.565449598164051714e-02 1.084753794504066615e+00
2.848256928908980079e+00 3.862012115576700655e+00 5.132265348734216248e-02 1.000221073586085030e+00
3.862012115576700655e+00 5.236584322670087666e+00 4.770700525690547977e-02 9.298496029626471815e-01
5.236584322670087666e+00 7.100395997680434945e+00 4.504745850081362524e-02 8.779826967227084555e-01
7.100395997680434945e+00 9.627577867049382121e+00 4.325159097975660866e-02 8.428590975919766359e-01
9.627577867049382121e+00 1.305423748427261188e+01 4.157673085309297745e-02 8.102622641976287010e-01
1.305423748427261188e+01 1.770051810009568172e+01 4.117890148521483051e-02 8.022766731828341324e-01
1.770051810009568172e+01 2.400050875352008006e+01 4.032562483013531207e-02 7.850660089153957966e-01
2.400050875352008006e+01 3.254279999999999973e+01 3.856327152061066188e-02 7.491061508812476566e-01
