1.000000000000000056e-01 1.355921257095313026e-01 6.155685990244486733e-02 1.173327999268624744e+00
1.355921257095313026e-01 1.838522455442933856e-01 5.699560279692562209e-02 1.095833820397205116e+00
1.838522455442933856e-01 2.492891678982144810e-01 5.413158766056362647e-02 1.046385561217173077e+00
2.492891678982144810e-01 3.380164819167915113e-01 5.390791037174834377e-02 1.046658123703284815e+00
3.380164819167915113e-01 4.583237330795510434e-01 5.634983200703539558e-02 1.094150477081982320e+00
4.583237330795510434e-01 6.214508923138416518e-01 6.016093972683990432e-02 1.170521061210026970e+00
6.214508923138416518e-01 8.426384751291882136e-01 6.384356649795462635e-02 1.243487453180295299e+00
8.426384751291882136e-01 1.142551420474046342e+00 6.387654765177464000e-02 1.244268377258368474e+00
1.142551420474046342e+00 1.549209758345204913e+00 5.951173146452763685e-02 1.159116731584213245e+00
1.549209758345204913e+00 2.100606443039755522e+00 5.574070212789577344e-02 1.086031852059087921e+00
2.100606443039755522e+00 2.848256928908980079e+00 5.232121854136245753e-02 1.019603265031056250e+00
2.848256928908980079e+00 3.862012115576700655e+00 4.939014889572345551e-02 9.624206597441341549e-01
3.862012115576700655e+00 5.236584322670087666e+00 4.667516647290217979e-02 9.095420517698872276e-01
5.236584322670087666e+00 7.100395997680434945e+00 4.488562124321708591e-02 8.744413021956860543e-01
7.100395997680434945e+00 9.627577867049382121e+00 4.392347172436483760e-02 8.555827770098368701e-01
9.627577867049382121e+00 1.305423748427261188e+01 4.331329045657253407e-02 8.428992558636805299e-01
1.305423748427261188e+01 1.770051810009568172e+01 4.315345740365210403e-02 8.395250156861548962e-01
1.770051810009568172e+01 2.400050875352008006e+01 4.247340353270499108e-02 8.251052243506591388e-01
2.400050875352008006e+01 3.254279999999999973e+01 4.105132907109275420e-02 7.926483275593738664e-01
