1.000000000000000056e-01 1.355921257095313026e-01 8.967653245012623120e-02 1.729051570463648879e+00
1.355921257095313026e-01 1.838522455442933856e-01 8.280397315950108195e-02 1.594072000011619750e+00
1.838522455442933856e-01 2.492891678982144810e-01 7.585662781513208275e-02 1.463750573678857858e+00
2.492891678982144810e-01 3.380164819167915113e-01 6.811294385116407890e-02 1.322424376002580892e+00
3.380164819167915113e-01 4.583237330795510434e-01 6.181833695130000556e-02 1.199316228442981469e+00
4.583237330795510434e-01 6.214508923138416518e-01 5.572680418232429933e-02 1.082296180787230444e+00
6.214508923138416518e-01 8.426384751291882136e-01 4.975295242801063000e-02 9.671951621741676774e-01
8.426384751291882136e-01 1.142551420474046342e+00 4.688541609004120286e-02 9.129779956194499224e-01
1.142551420474046342e+00 1.549209758345204913e+00 4.824405009623617541e-02 9.395032321981086065e-01
1.549209758345204913e+00 2.100606443039755522e+00 5.024299272682136025e-02 9.787207137833315862e-01
2.100606443039755522e+00 2.848256928908980079e+00 4.986458780307385236e-02 9.712800740683883438e-01
2.848256928908980079e+00 3.862012115576700655e+00 4.737955143019655091e-02 9.227495832137561083e-01
3.862012115576700655e+00 5.236584322670087666e+00 4.523794288934664815e-02 8.811601649081031162e-01
5.236584322670087666e+00 7.100395997680434945e+00 4.330966247685757997e-02 8.433990029379141440e-01
7.100395997680434945e+00 9.627577867049382121e+00 4.247119608794863721e-02 8.264833791681455155e-01
9.627577867049382121e+00 1.305423748427261188e+01 4.186507679605942084e-02 8.145992369347382356e-01
1.305423748427261188e+01 1.770051810009568172e+01 4.193352814179046595e-02 8.146097313458625644e-01
1.770051810009568172e+01 2.400050875352008006e+01 4.151747955590875949e-02 8.060522419763432866e-01
2.400050875352008006e+01 3.254279999999999973e+01 4.021882274313353517e-02 7.757716914371048933e-01
