1.000000000000000056e-01 1.355921257095313026e-01 3.116485895065937081e-02 5.996690575017292746e-01
1.355921257095313026e-01 1.838522455442933856e-01 3.291007626846748080e-02 6.352706611349586696e-01
1.838522455442933856e-01 2.492891678982144810e-01 3.444268976842135288e-02 6.676759654529714760e-01
2.492891678982144810e-01 3.380164819167915113e-01 3.708780501492683207e-02 7.197994573590577039e-01
3.380164819167915113e-01 4.583237330795510434e-01 4.034202650867416834e-02 7.848638773469694963e-01
4.583237330795510434e-01 6.214508923138416518e-01 4.589469733561443721e-02 8.936080323778459178e-01
6.214508923138416518e-01 8.426384751291882136e-01 5.398738833130586889e-02 1.051589800040853007e+00
8.426384751291882136e-01 1.142551420474046342e+00 5.931882436531708824e-02 1.155565018828887069e+00
1.142551420474046342e+00 1.549209758345204913e+00 6.187588211989009102e-02 1.205473094427457648e+00
1.549209758345204913e+00 2.100606443039755522e+00 5.835938401215762933e-02 1.137393906071492600e+00
2.100606443039755522e+00 2.848256928908980079e+00 5.288158602159308969e-02 1.030628712188544460e+00
2.848256928908980079e+00 3.862012115576700655e+00 4.938356466269740175e-02 9.624788362503460259e-01
3.862012115576700655e+00 5.236584322670087666e+00 4.616377154231507407e-02 8.997766035595239353e-01
5.236584322670087666e+00 7.100395997680434945e+00 4.417582752206058311e-02 8.609865707754958963e-01
7.100395997680434945e+00 9.627577867049382121e+00 4.297089761713474010e-02 8.373989754301213173e-01
9.627577867049382121e+00 1.305423748427261188e+01 4.234569965363148281e-02 8.251079451461320602e-01
1.305423748427261188e+01 1.770051810009568172e+01 4.217389369363870599e-02 8.214120811457308324e-01
1.770051810009568172e+01 2.400050875352008006e+01 4.183483018028948813e-02 8.139996500446357031e-01
2.400050875352008006e+01 3.254279999999999973e+01 4.048840193619526739e-02 7.864244589651661066e-01
