1.000000000000000056e-01 1.355921257095313026e-01 6.137570678136113067e-02 1.194655430721615286e+00
1.355921257095313026e-01 1.838522455442933856e-01 5.811103005405297839e-02 1.129704713594217091e+00
1.838522455442933856e-01 2.492891678982144810e-01 5.543078229646165173e-02 1.076526616281438864e+00
2.492891678982144810e-01 3.380164819167915113e-01 5.245054545376526961e-02 1.019748941982840051e+00
3.380164819167915113e-01 4.583237330795510434e-01 4.906041571784394706e-02 9.549170215522270189e-01
4.583237330795510434e-01 6.214508923138416518e-01 4.474343693490865498e-02 8.709524178411693907e-01
6.214508923138416518e-01 8.426384751291882136e-01 4.420892847314832758e-02 8.610698556429372541e-01
8.426384751291882136e-01 1.142551420474046342e+00 5.080024540972908481e-02 9.897214224574591990e-01
1.142551420474046342e+00 1.549209758345204913e+00 5.616555895882870825e-02 1.094304299457681040e+00
1.549209758345204913e+00 2.100606443039755522e+00 5.630260084462196390e-02 1.097158993300864305e+00
2.100606443039755522e+00 2.848256928908980079e+00 5.358891701740628455e-02 1.044254520022047439e+00
2.848256928908980079e+00 3.862012115576700655e+00 4.967848865953546772e-02 9.680480067343996131e-01
3.862012115576700655e+00 5.236584322670087666e+00 4.683992025624397759e-02 9.126488178429846831e-01
5.236584322670087666e+00 7.100395997680434945e+00 4.447892339765630726e-02 8.666295391244798196e-01
7.100395997680434945e+00 9.627577867049382121e+00 4.294461686015424440e-02 8.366794261824396228e-01
9.627577867049382121e+00 1.305423748427261188e+01 4.184384023700925964e-02 8.150159963144916198e-01
1.305423748427261188e+01 1.770051810009568172e+01 4.133503959350973145e-02 8.044815454951198541e-01
1.770051810009568172e+01 2.400050875352008006e+01 4.059116908161104070e-02 7.891467111740940732e-01
2.400050875352008006e+01 3.254279999999999973e+01 3.935096690232873368e-02 7.622029564267611690e-01
