1.000000000000000056e-01 1.355921257095313026e-01 6.844599940539176919e-02 1.330121365716285808e+00
1.355921257095313026e-01 1.838522455442933856e-01 6.329984739853321274e-02 1.231548101926804639e+00
1.838522455442933856e-01 2.492891678982144810e-01 5.840745136651442210e-02 1.135492994118976195e+00
2.492891678982144810e-01 3.380164819167915113e-01 5.362126694781325226e-02 1.043802738803563113e+00
3.380164819167915113e-01 4.583237330795510434e-01 4.819677094534805667e-02 9.372225978819996861e-01
4.583237330795510434e-01 6.214508923138416518e-01 4.137983486015486823e-02 8.047442481360329580e-01
6.214508923138416518e-01 8.426384751291882136e-01 4.034609749017645935e-02 7.858957330607653224e-01
8.426384751291882136e-01 1.142551420474046342e+00 4.708249436357551942e-02 9.173935368617822661e-01
1.142551420474046342e+00 1.549209758345204913e+00 5.323366932757412490e-02 1.037277616520531076e+00
1.549209758345204913e+00 2.100606443039755522e+00 5.374336952690701719e-02 1.047429085358337009e+00
2.100606443039755522e+00 2.848256928908980079e+00 5.126291681086567881e-02 9.990146284524230591e-01
2.848256928908980079e+00 3.862012115576700655e+00 4.872210558615151094e-02 9.495260764022546152e-01
3.862012115576700655e+00 5.236584322670087666e+00 4.568403526062155690e-02 8.903025233470227562e-01
5.236584322670087666e+00 7.100395997680434945e+00 4.384108489581917817e-02 8.542329970878868028e-01
7.100395997680434945e+00 9.627577867049382121e+00 4.265124086016192778e-02 8.309200554307735187e-01
9.627577867049382121e+00 1.305423748427261188e+01 4.201711425587086046e-02 8.183308076849853396e-01
1.305423748427261188e+01 1.770051810009568172e+01 4.195727082499968452e-02 8.169099925690098685e-01
1.770051810009568172e+01 2.400050875352008006e+01 4.160188508042216016e-02 8.080098211818164122e-01
2.400050875352008006e+01 3.254279999999999973e+01 4.017718803076954920e-02 7.757682279263700131e-01
